START -2392 16104 -2708 1950 2626 -2244 449 341 444 376 341 END
START -1708 15904 -2860 2043 1546 -2539 449 342 444 376 341 END
START -1472 15904 -3484 2923 -1134 -3959 449 342 444 377 342 END
START -2392 16164 -2364 2029 675 -2776 449 342 444 377 341 END
START -1580 16520 -3868 1836 -2133 -1106 449 343 444 377 343 END
START -1840 16312 -3196 102 -2101 20 449 343 444 377 343 END
START -2084 15920 -3480 -718 -1649 -555 449 343 444 377 343 END
START -2384 15436 -3824 -2074 -2539 -1487 450 344 444 377 344 END
START -2616 14936 -4524 -2640 -2687 -2588 450 344 445 378 344 END
START -3156 14728 -4768 -1890 -3537 -1372 450 344 444 378 343 END
START -3188 14756 -4244 276 -2943 126 450 344 445 378 344 END
START -2704 15264 -4140 1693 -1373 -217 450 343 444 378 344 END
START -3328 15856 -4004 2205 -1268 -951 449 344 444 378 344 END
START -2720 16304 -3668 1107 -34 -721 450 345 444 378 344 END
START -3192 16404 -3612 -725 -1437 -453 450 344 444 378 344 END
START -2252 15604 -3580 -1554 -209 -65 450 344 444 379 344 END
START -1652 14764 -4032 -359 -443 -530 450 344 444 379 344 END
START -2600 15424 -3288 816 -551 -254 450 344 444 378 344 END
START -2892 15740 -3284 1278 -170 30 450 345 445 379 345 END
START -2200 16128 -3684 1402 -511 423 450 345 445 379 344 END
START -2196 16324 -3852 762 -1177 149 450 345 445 379 345 END
START -3020 16200 -3916 -298 -1878 255 450 345 445 379 345 END
START -3136 15960 -3248 -998 -1390 70 450 345 445 379 344 END
START -2560 15536 -3860 -558 -588 522 451 345 445 379 345 END
START -2064 15492 -4220 -115 -786 34 450 345 445 380 344 END
START -2696 15580 -3952 458 -686 10 450 345 445 379 345 END
START -2904 15908 -3756 251 -527 92 451 345 445 380 345 END
START -2236 16296 -3812 -5 368 -288 450 345 445 380 345 END
START -2324 16116 -3648 -727 303 -146 449 345 445 380 345 END
START -2296 15884 -3656 -575 363 160 451 345 445 379 345 END
START -2228 15912 -3608 -248 679 271 451 345 444 380 345 END
START -2384 15820 -3424 -674 -288 70 451 345 446 380 345 END
START -2364 15524 -3400 -533 293 -304 451 345 445 380 345 END
START -2796 15776 -3616 65 448 46 450 345 445 380 345 END
START -2748 15992 -3236 -220 390 122 451 345 445 380 345 END
START -2348 15676 -3308 -69 741 342 451 345 446 380 345 END
START -1816 15568 -3524 14 493 291 451 345 446 380 345 END
START -1876 15540 -3264 -187 -504 -248 451 345 445 380 345 END
START -2356 15688 -3368 -88 -539 42 451 346 446 380 346 END
START -2884 15824 -3204 192 -667 140 452 346 446 381 345 END
START -2628 15944 -3132 -74 356 463 450 346 446 380 346 END
START -1988 15916 -3576 -62 534 413 450 345 445 380 345 END
START -1960 15840 -3856 -300 -56 20 451 346 446 381 346 END
START -2280 15648 -3612 -88 -50 -97 451 345 446 380 345 END
START -2344 16036 -3488 6 -77 64 451 345 446 381 345 END
START -2176 16148 -3468 -172 -293 316 452 346 446 381 346 END
START -2388 16100 -3312 -248 -5 737 451 346 446 381 345 END