START 10656 -10136 13016 -2095 -188 1384 633 592 628 602 592 END
START 10660 -10720 13436 -2408 -301 1294 633 592 628 601 592 END
START 10296 -12704 14388 -2936 -1339 688 633 593 628 601 592 END
START 9700 -14140 15476 -3085 -2293 -1364 633 592 628 601 592 END
START 9592 -15244 15660 -3006 -3483 -3700 633 592 628 601 592 END
START 8976 -15644 15432 -1840 -5315 -5703 633 592 628 601 592 END
START 8116 -15308 15404 -2192 -5738 -8354 632 592 628 601 592 END
START 8028 -15188 14656 -2162 -8351 -11104 633 592 628 601 592 END
START 8228 -13908 13516 -1111 -9285 -13624 633 592 628 601 592 END
START 8192 -11888 12408 -945 -10542 -15836 632 592 628 601 592 END
START 8260 -10092 11364 -1794 -11207 -17545 633 592 628 601 592 END
START 8264 -8840 10416 -2505 -12179 -18533 633 592 628 601 592 END
START 8660 -6904 8608 -2788 -12461 -19763 633 592 628 601 592 END
START 8928 -4748 7464 -3633 -13088 -20612 633 592 628 601 592 END
START 9276 -3644 6580 -4660 -12725 -20997 633 592 628 602 592 END
START 9080 -2720 5928 -5081 -12940 -20790 633 592 628 602 592 END
START 9348 -1904 4624 -4514 -13453 -21020 633 592 628 601 592 END
START 9608 -32 3676 -3526 -12379 -21059 633 592 628 601 592 END
START 10280 1268 2780 -3267 -12039 -20554 633 592 628 601 592 END
START 10412 1644 2152 -3658 -10757 -19617 633 592 629 601 592 END
START 10180 1828 1432 -4136 -10235 -19512 633 592 628 601 592 END
START 10532 1912 844 -3886 -10327 -20593 633 592 628 601 592 END
START 11452 3160 -564 -2264 -10391 -20753 633 592 628 601 592 END
START 12428 5036 -1856 -1660 -9333 -20019 633 592 628 601 592 END
START 12784 6852 -2756 -2327 -7685 -19047 633 592 629 601 592 END
START 13428 7992 -3552 -2583 -6937 -17969 633 592 628 601 592 END
START 14196 9128 -4172 -2127 -6154 -16563 633 592 629 601 592 END
START 14600 10436 -4736 -1699 -4902 -14792 633 592 629 601 592 END
START 14600 11700 -4648 -2252 -3738 -12712 633 592 628 600 592 END
START 15004 12232 -4656 -2265 -2795 -10474 633 592 628 601 592 END
START 15000 12828 -4556 -2168 -1308 -8429 633 592 628 601 592 END
START 15496 13048 -3868 -2677 -348 -6577 633 593 627 600 592 END
START 15576 12960 -3312 -2006 1163 -4453 633 592 628 600 592 END
START 15548 12504 -2320 -1988 1883 -2789 633 592 628 600 592 END
START 15920 11500 -1184 -1238 2322 -994 633 592 628 601 592 END
START 15756 10724 -224 -632 3082 286 633 593 628 601 592 END
START 15832 9980 600 -513 2684 867 633 592 628 600 591 END
START 15920 9312 968 -142 2701 1433 633 592 628 601 592 END
START 15744 8908 1380 -14 2442 1967 633 592 629 601 592 END
START 15424 8436 2140 -809 2137 2337 633 592 628 600 592 END
START 15404 7084 2088 -708 1798 2626 633 592 628 601 592 END
START 15476 6552 1980 165 1371 2735 633 592 628 601 592 END
START 15544 6152 2292 390 1256 2623 633 592 629 601 593 END