START 10004 -12748 12864 -1758 -6273 -7176 633 593 629 602 593 END
START 10004 -12604 12852 -1878 -6399 -7692 633 593 629 602 593 END
START 10464 -12344 12156 -1969 -7122 -9159 633 593 629 602 593 END
START 10228 -11684 11696 -2558 -7867 -10319 633 593 629 602 593 END
START 10044 -10972 11276 -4338 -8324 -11738 633 593 629 602 593 END
START 10012 -10948 10712 -5576 -9319 -12818 633 593 628 602 593 END
START 9472 -10736 10132 -6439 -9889 -14390 633 593 629 602 593 END
START 9236 -10088 8612 -6508 -11082 -16439 633 593 629 602 593 END
START 9800 -8580 7728 -6163 -11272 -18257 633 593 629 602 593 END
START 9848 -7180 6664 -5787 -11654 -19645 633 593 629 602 593 END
START 9524 -4740 5792 -6522 -12616 -20817 633 593 629 602 593 END
START 10320 -3160 3892 -7228 -12095 -21765 633 593 629 602 593 END
START 10760 -1712 2684 -7243 -13771 -22150 633 593 629 602 593 END
START 10668 -140 2476 -7867 -8597 -22318 633 593 629 602 593 END
START 11104 1056 1416 -7269 -13533 -21472 634 593 629 602 593 END
START 11300 2680 612 -7153 -11301 -20781 633 593 629 602 593 END
START 11464 4348 -140 -7086 -12570 -19586 634 593 629 602 593 END
START 11312 4932 -1092 -7315 -8178 -18374 633 593 629 602 593 END
START 11180 5844 -1420 -6841 -9691 -17033 633 593 629 602 593 END
START 11940 6788 -1928 -6543 -5719 -16121 633 593 629 600 593 END
START 12148 7844 -3168 -5722 -4558 -14698 633 593 629 601 593 END
START 12988 8492 -3520 -5134 -2800 -13201 633 593 629 601 592 END
START 13312 9168 -3480 -4703 -1238 -11481 633 593 629 601 593 END
START 13264 9324 -3352 -4125 -444 -9689 633 593 628 601 593 END
START 13936 9672 -3148 -3739 795 -8177 633 592 629 602 593 END
START 14576 10136 -3476 -3653 148 -6427 633 593 629 601 593 END
START 15068 10144 -2484 -4105 957 -4872 633 593 629 602 593 END
START 15352 9392 -2332 -4059 1925 -4377 633 593 629 601 593 END
START 15960 9148 -2212 -2799 2228 -3331 632 593 629 601 593 END
START 15736 9548 -900 -2191 3768 -2353 633 593 628 600 593 END
START 15860 8668 -208 -2200 3138 -1824 633 593 629 601 593 END
START 16252 8248 792 -1695 3287 -1128 633 593 629 601 593 END
START 16096 8148 1404 -1544 2764 -1036 633 593 628 602 593 END
START 16652 7756 1572 -726 2028 -851 633 593 629 602 593 END
START 16656 8084 2312 -311 1891 -192 633 593 629 601 593 END
START 16356 7952 2580 -338 1832 45 634 593 628 601 593 END
START 16020 7540 2696 399 1075 211 634 593 628 601 593 END
START 16092 7492 2696 1409 1020 363 633 593 628 601 593 END
START 15952 7668 2696 2197 814 588 633 593 629 601 593 END
START 15652 8176 2516 2545 700 937 633 593 628 601 593 END
START 15556 8216 2096 2225 340 1631 633 593 628 601 593 END
START 15064 7772 1928 1805 -35 2182 633 593 628 601 592 END
START 15132 7084 1536 2551 -293 2459 633 593 628 601 593 END
START 15112 7340 1004 3662 -61 2766 633 593 629 601 593 END
START 14876 7880 640 3756 624 2892 633 592 628 601 593 END