START 11416 -10872 12992 -2296 -7331 -7936 632 596 630 607 596 END
START 11516 -10920 12960 -2401 -7659 -8385 633 596 630 608 596 END
START 11376 -10168 12024 -2833 -9059 -10169 633 596 630 607 596 END
START 11364 -9240 11044 -3335 -9531 -11583 632 596 630 607 596 END
START 10904 -8324 10128 -3793 -10375 -12748 633 596 630 608 596 END
START 10612 -7700 9344 -4498 -10941 -13937 633 596 630 608 596 END
START 10300 -6832 8496 -4916 -11352 -15343 633 596 630 608 596 END
START 10364 -5552 7936 -4798 -12142 -16728 633 596 630 608 596 END
START 10268 -4368 6884 -4888 -12291 -18042 633 596 630 608 596 END
START 10324 -3180 6296 -4982 -12706 -18711 633 596 630 607 596 END
START 10820 -1652 5372 -5070 -13399 -19160 633 596 630 608 596 END
START 10584 -212 5228 -5697 -13704 -19491 633 596 630 607 596 END
START 10200 836 4316 -6717 -13265 -20360 633 596 630 608 596 END
START 10340 1492 3264 -6759 -14205 -20799 633 596 630 607 596 END
START 10756 2504 2080 -5547 -13649 -20868 633 595 630 607 596 END
START 10880 3496 864 -3766 -12954 -20471 633 596 630 607 596 END
START 10836 5100 -340 -2686 -11985 -20322 633 596 630 607 595 END
START 10988 6916 -1696 -2173 -11273 -20054 633 596 630 607 596 END
START 11344 8240 -3220 -1634 -10342 -18948 633 596 630 607 596 END
START 11656 9848 -4712 -742 -8799 -17446 633 596 630 607 596 END
START 11896 11504 -5916 -521 -7767 -15707 633 596 630 606 596 END
START 11968 13252 -6996 -1308 -6770 -13656 633 596 630 606 596 END
START 12456 13956 -7788 -2480 -4487 -11292 633 596 630 606 596 END
START 13112 13620 -8140 -2255 -3662 -8386 633 595 629 606 596 END
START 13616 13844 -7776 -2078 -1375 -6120 633 596 629 606 596 END
START 13836 13492 -7336 -2176 -158 -4160 633 596 629 606 596 END
START 14188 12600 -6392 -2598 1450 -2206 633 596 629 606 595 END
START 14524 11432 -5152 -2686 2369 -593 632 596 629 606 596 END
START 14756 10504 -3844 -2357 2728 395 633 596 629 606 596 END
START 15312 9340 -2880 -2123 2710 854 633 596 629 606 596 END
START 15548 8700 -2076 -1478 3222 1362 632 595 629 606 596 END
START 15264 8344 -1336 -1232 2801 1397 633 596 630 606 595 END
START 15184 8032 -604 -1590 2464 650 633 596 629 606 595 END
START 15244 7476 -360 -1060 1890 -67 633 595 630 606 596 END
START 15184 7752 -84 92 1769 -519 633 596 629 606 595 END
START 15036 8372 -400 765 1682 -652 633 596 629 606 596 END
START 14576 8712 -480 1135 2064 -523 633 596 629 606 595 END
START 14084 9368 -584 1239 1826 -279 632 595 629 606 595 END
START 13960 9528 -884 1579 1790 81 632 595 629 606 595 END
START 14188 10304 -1428 2027 1654 711 633 595 629 606 595 END
START 14332 10680 -1812 2176 2330 1573 633 594 629 604 594 END
START 14196 10804 -2024 2100 2544 2389 633 593 629 604 593 END
START 14292 10760 -2368 2382 3175 3409 632 593 629 603 592 END
START 14344 10868 -2184 2591 3365 4724 633 592 629 604 592 END
START 14464 10832 -1948 2444 3695 5922 633 592 629 603 592 END
START 14556 10680 -1796 2710 4481 7388 633 592 629 603 592 END
START 14716 10352 -1412 2603 4718 8793 633 592 629 602 592 END
START 14424 10196 -968 1670 5060 9395 633 593 629 603 593 END