START 11600 -6108 10380 -880 483 1809 633 587 628 599 587 END
START 11556 -6292 10444 -825 532 1866 633 587 628 599 587 END
START 11340 -6948 10800 -562 465 1850 633 586 628 599 587 END
START 11124 -7688 11468 -588 421 1609 633 587 628 599 587 END
START 10980 -9044 12012 -997 40 1271 633 587 628 599 587 END
START 11024 -10048 12912 -1557 -837 595 632 587 628 599 587 END
START 11088 -11292 13604 -2178 -1723 -519 633 587 628 599 587 END
START 10892 -12832 14484 -2511 -2921 -2214 633 587 628 599 587 END
START 10380 -14004 14648 -2051 -3917 -4432 633 587 628 599 587 END
START 10104 -14152 14924 -1683 -5215 -6900 633 586 628 599 587 END
START 10236 -13932 14612 -1507 -5992 -9360 633 587 628 599 587 END
START 10384 -13512 13960 -1313 -7749 -11406 633 587 628 599 587 END
START 10340 -12692 13180 -890 -8705 -13491 633 587 628 599 587 END
START 10100 -11476 11896 -71 -9919 -15316 633 587 628 599 587 END
START 9888 -10292 11092 1017 -10261 -16682 633 586 628 599 587 END
START 9536 -7972 9968 1544 -11042 -18132 633 587 628 599 587 END
START 9376 -5964 8936 1270 -11389 -19408 633 586 628 599 587 END
START 9572 -4044 7664 1142 -11550 -19719 633 587 628 599 587 END
START 9836 -1948 7492 17 -11857 -19526 633 587 628 599 587 END
START 9540 -960 6716 -1584 -11716 -19218 633 587 628 599 587 END
START 9544 -160 5960 -2435 -12158 -18989 632 587 628 599 587 END
START 9656 504 4980 -2764 -11985 -19237 633 587 628 599 588 END
START 9704 1816 4432 -2883 -12784 -19488 633 588 628 599 588 END
START 9876 2532 3920 -3139 -11263 -19551 633 587 628 599 588 END
START 10176 3040 2732 -1922 -11434 -19534 633 588 628 599 588 END
START 9796 4316 1552 -400 -10514 -19749 633 587 628 599 588 END
START 10400 5728 964 148 -10044 -19415 633 588 628 599 588 END
START 11464 7080 -432 184 -9060 -18633 633 588 628 599 588 END
START 12280 7624 -1576 1059 -9005 -17216 633 588 628 599 588 END
START 12816 8476 -3256 2334 -8339 -15995 633 588 628 599 588 END
START 13432 9236 -4328 2989 -8145 -15110 633 588 628 599 588 END
START 13604 11332 -4852 1544 -6497 -14478 633 588 628 599 588 END
START 14044 11476 -5512 -624 -5802 -13804 633 588 628 599 588 END
START 14176 11320 -5508 -1191 -6012 -12073 633 588 628 599 589 END
START 13836 11480 -4536 -610 -3593 -9933 632 589 628 599 589 END
START 14292 11832 -4296 -421 -4583 -7913 633 589 628 599 589 END
START 14972 11764 -3816 -1185 -2233 -6413 633 589 628 599 589 END
START 15244 11740 -3508 -1293 -1105 -5159 633 589 628 599 589 END
START 15036 11552 -3100 -1018 93 -4326 633 589 628 599 589 END
START 15052 11844 -2804 -590 642 -3293 633 589 628 599 589 END
START 14336 12120 -2184 -722 1412 -2283 633 589 628 599 589 END
START 13872 11696 -1788 -825 1623 -1492 633 589 628 599 589 END
START 14276 11484 -836 -890 1005 -303 633 589 628 599 589 END
START 13932 10972 -824 -1137 2090 329 633 589 628 599 589 END
START 14288 10480 -308 -928 1210 902 633 589 628 599 589 END
START 14360 9900 852 -1049 1537 1535 633 589 628 599 589 END
START 14008 8908 1188 -642 1505 1624 633 589 628 599 589 END
START 14140 8556 1396 -13 1235 1630 633 589 628 599 589 END
START 14256 8684 1728 -517 576 1778 633 589 628 599 589 END
START 14060 7884 1760 -570 636 1672 633 589 628 599 589 END
START 14304 7476 1256 532 493 1482 632 589 628 599 589 END
START 14364 8104 1136 793 612 1549 633 589 628 599 589 END
START 14260 7948 932 518 1056 1126 633 589 628 599 589 END
START 14224 7744 536 720 708 1036 633 588 628 599 589 END
START 13900 8424 604 518 1280 1037 633 588 627 599 589 END
START 14028 8228 380 129 1167 1083 633 589 628 600 589 END
START 14512 8220 180 726 1047 1492 633 589 628 599 589 END