START 12988 -7320 9300 1769 1766 6 632 584 628 607 584 END
START 12920 -7260 9420 1613 1770 -21 632 583 628 608 583 END
START 12988 -7160 9452 1001 1018 -198 631 584 628 608 583 END
START 13336 -7216 9076 359 686 -852 632 583 628 607 584 END
START 13440 -7140 8888 526 24 -1060 631 583 628 608 583 END
START 13552 -6548 8640 551 231 -1111 632 583 628 608 583 END
START 13512 -6324 8392 500 605 -1072 632 583 628 608 583 END
START 13168 -5976 8044 472 76 -807 632 584 628 608 584 END
START 12960 -5476 8108 200 451 -652 632 584 628 608 584 END
START 12864 -5640 7820 -29 396 -595 631 584 628 608 584 END
START 12928 -5480 7636 31 385 -501 632 584 628 608 584 END
START 13012 -5392 7380 23 338 -286 632 584 628 608 584 END
START 12880 -5728 7440 81 545 -50 632 584 628 608 584 END
START 12752 -6052 7560 61 737 -51 632 583 628 608 584 END
START 13168 -6164 7764 -9 761 -215 632 584 628 608 584 END
START 13344 -6288 7924 -211 515 -191 632 584 628 608 584 END
START 13256 -6484 8440 -526 470 -151 632 584 628 608 584 END
START 13032 -7340 9244 -1142 494 -295 632 584 628 608 584 END
START 13296 -8336 10248 -1339 2 -579 632 584 628 608 584 END
START 12948 -9172 11116 -1514 -424 -1128 632 584 628 608 584 END
START 12648 -10276 12024 -2110 -1227 -2073 632 584 628 608 584 END
START 12752 -11408 12588 -2232 -2486 -3595 632 584 628 608 584 END
START 13024 -11572 12752 -1864 -3838 -5504 632 584 628 608 585 END
START 12916 -11204 12752 -1558 -4977 -7103 632 585 628 608 585 END
START 12728 -10608 12700 -1793 -5917 -8579 632 585 628 608 585 END
START 12460 -9944 12200 -1998 -6920 -10132 632 585 629 608 586 END
START 11796 -9580 11364 -1963 -7729 -11523 632 586 629 609 587 END
START 11584 -8816 10608 -2139 -9169 -12795 632 587 629 609 587 END
START 11144 -7648 10024 -3314 -10548 -14194 632 588 628 609 588 END
START 11408 -6408 8612 -4985 -10785 -15492 632 588 629 610 588 END
START 11160 -5744 7700 -6160 -11006 -16249 632 589 629 609 589 END
START 11468 -4884 6632 -6682 -11225 -17034 632 589 629 610 589 END
START 11560 -3964 5500 -6264 -11468 -17604 632 589 629 609 588 END
START 11200 -2600 4636 -6319 -11197 -18431 633 589 629 609 589 END
START 10960 -1716 3752 -7057 -11084 -19481 632 589 629 610 589 END
START 11340 -660 2920 -7391 -10997 -20357 632 589 629 609 589 END
START 11656 748 1996 -7032 -11284 -20909 632 589 629 609 589 END
START 11168 2192 1312 -6992 -10485 -21123 632 589 629 609 589 END
START 10976 3260 656 -6737 -9700 -20713 632 589 629 609 589 END
START 10852 4764 -156 -7170 -8851 -20887 632 589 629 609 589 END
START 10252 5268 -1364 -6825 -8340 -21774 632 589 629 609 589 END
START 10460 7420 -2388 -6660 -8114 -23328 632 589 629 609 589 END
START 11316 9688 -3548 -6045 -8205 -23556 632 589 629 609 589 END
START 12444 12504 -4844 -5119 -6655 -21799 632 589 629 609 589 END
START 12756 14364 -4868 -3339 -4759 -17578 632 590 629 609 589 END
START 12172 15864 -5084 -2122 -2758 -12968 632 590 629 609 590 END
START 12036 16144 -5440 -2090 -1514 -10078 632 590 629 609 590 END
START 12656 16140 -5656 -1959 -1487 -7503 632 590 629 608 590 END
START 13220 15928 -5272 -1967 61 -4922 632 590 629 609 590 END
START 13932 14940 -4584 -1412 1281 -2444 632 590 629 609 589 END
START 14464 14148 -3716 -1126 2511 -218 632 590 629 609 590 END
START 14596 12924 -2896 -1177 3289 1315 632 590 629 609 589 END
START 14992 11816 -1648 -1344 3203 2169 632 590 629 609 590 END
START 15128 10820 -772 -714 3327 2425 632 589 629 608 590 END
START 15372 10720 -68 349 3319 3294 632 589 629 608 589 END
START 15196 10748 760 690 3807 4133 632 589 629 608 589 END
START 14852 10404 1372 1285 3323 4722 632 589 629 608 589 END
START 14376 10724 1908 2225 3210 5429 632 588 629 607 588 END
START 13880 10892 1576 3336 3304 6481 632 587 628 607 587 END
START 13208 11304 636 4177 3200 7912 632 586 628 607 586 END
START 13180 11668 -184 5446 3524 9811 632 586 628 606 586 END
START 13440 12136 -924 6023 4327 11306 632 586 628 605 586 END
START 13224 11704 -1720 6613 5233 12710 632 586 628 605 586 END
START 12712 12040 -1956 6370 6159 13470 632 586 628 605 586 END
START 13376 10740 -1584 5695 6432 14590 632 586 628 605 586 END
START 13652 9320 -972 5877 7130 17074 632 586 628 604 586 END
START 13464 7596 152 5242 7740 18637 632 586 629 604 586 END
START 13340 5652 424 4858 8308 18892 632 586 628 604 586 END
START 13688 3520 708 5307 7896 19499 632 586 628 604 586 END
START 14012 2432 972 6309 9047 19961 632 586 629 604 586 END
START 14300 1528 1296 6776 8866 20430 632 586 629 604 586 END
START 13920 140 1628 6850 9872 20639 631 586 628 604 586 END
START 13308 -368 2372 5318 10074 19661 632 586 628 604 586 END
START 12740 -2324 2568 4371 10051 18424 632 586 628 604 586 END
START 12728 -3372 3704 3856 9558 17476 632 586 628 604 586 END
START 12848 -4680 4140 3643 9978 16679 632 586 628 604 586 END