START 10176 -9716 10236 -4445 -9690 -7788 633 594 629 608 595 END
START 10176 -9640 9800 -4387 -9737 -8156 633 594 629 608 594 END
START 10372 -9072 8532 -4280 -10387 -10344 633 594 629 608 594 END
START 10584 -8304 7560 -4902 -10934 -12860 633 594 630 608 594 END
START 10508 -7336 6588 -6176 -10939 -15177 633 594 629 608 595 END
START 10584 -6888 6256 -7030 -11237 -16770 633 595 629 608 595 END
START 10680 -6088 6348 -7238 -12154 -17913 633 595 629 607 594 END
START 10352 -5028 5872 -7861 -11722 -19847 633 595 630 608 595 END
START 10892 -3712 4620 -7856 -12366 -21393 633 595 630 608 595 END
START 11032 -1652 3708 -7426 -11858 -22296 632 595 630 609 595 END
START 11148 872 2868 -7700 -11792 -22346 633 595 630 608 595 END
START 11196 2288 2024 -8183 -11289 -22074 633 595 630 608 595 END
START 11000 3328 1460 -7843 -10928 -21735 633 595 629 608 594 END
START 10784 5388 872 -7532 -10556 -21288 633 595 630 608 595 END
START 10676 6564 276 -7647 -10115 -20693 633 595 629 608 595 END
START 11204 7924 -248 -7359 -9780 -19805 633 595 630 608 595 END
START 11664 8996 -1068 -5919 -8907 -18696 633 595 630 608 595 END
START 11636 10448 -1796 -4414 -7646 -17703 632 595 629 608 595 END
START 12116 12176 -2916 -2666 -6599 -16232 633 595 629 607 595 END
START 12400 13996 -3896 -2761 -5218 -13658 633 595 629 607 595 END
START 12628 14860 -4776 -2996 -3993 -10609 633 595 629 607 595 END
START 12848 14940 -5340 -3514 -2775 -7832 633 595 629 607 595 END
START 13656 14592 -5380 -2699 -2054 -5370 632 595 629 606 594 END
START 13836 14184 -5372 -2094 -1224 -3287 633 595 629 607 595 END
START 14252 13056 -4852 -2571 1225 -1290 633 595 629 607 595 END
START 14636 11736 -4112 -2176 1378 169 633 595 629 607 595 END
START 14996 10576 -3200 -1807 2224 467 633 594 629 607 595 END
START 15616 9528 -2132 -1024 2884 759 633 594 629 607 594 END
START 15500 8668 -1292 -371 3287 918 632 594 629 607 594 END
START 15456 8152 -996 -125 3026 684 633 594 629 607 595 END
START 15068 8100 -452 152 2690 477 633 594 629 607 594 END
START 14912 8240 68 67 2802 465 633 593 629 606 594 END
START 15036 8024 500 -97 2704 554 633 594 629 606 594 END
START 14996 7928 556 393 2298 475 633 594 629 607 594 END
START 14728 8160 760 1262 2430 316 633 594 628 606 594 END
START 14456 9092 584 1899 1991 267 632 594 629 606 594 END
START 14356 9744 188 2120 2633 547 633 594 629 606 594 END
START 14216 10404 -16 2383 1714 1185 632 593 629 605 593 END
START 14164 10696 -64 2281 2309 1823 633 592 629 605 592 END
START 14140 10920 -900 3025 2618 2903 632 591 628 604 591 END