START 10536 -10248 12632 -1754 580 -494 633 589 628 600 589 END
START 10596 -10500 12712 -1707 420 -536 633 589 628 600 589 END
START 11116 -11308 14036 -1730 -169 -778 632 589 628 600 589 END
START 10956 -12812 14692 -2319 -1355 -1339 633 589 628 600 589 END
START 10684 -14184 15548 -2846 -2352 -2491 633 589 627 600 589 END
START 10024 -15200 15548 -2644 -3750 -4877 633 589 628 600 589 END
START 9212 -15052 15468 -1900 -5512 -8085 633 589 628 600 589 END
START 8956 -14484 14284 -1084 -6264 -11212 633 589 628 600 589 END
START 8932 -13192 13232 -750 -7661 -13702 632 589 628 600 590 END
START 8624 -11620 12584 -1348 -8472 -15447 633 589 628 601 589 END
START 8052 -10916 11712 -1968 -9902 -17692 633 589 628 600 590 END
START 8436 -10380 10992 -1969 -10879 -19172 633 589 628 600 589 END
START 8180 -9612 10180 -1005 -11786 -20202 633 590 628 600 589 END
START 8056 -8332 9348 -1105 -12466 -21951 633 589 628 600 590 END
START 7896 -7436 8580 -1596 -13344 -23579 633 590 628 600 590 END
START 8348 -6292 7860 -2043 -13738 -24455 633 589 628 600 590 END
START 8676 -4328 6748 -2471 -13788 -25163 633 590 628 600 590 END
START 8976 -3068 5880 -2733 -14539 -25427 633 590 628 600 590 END
START 9312 -2048 5376 -3247 -14002 -25224 633 590 628 600 589 END
START 8936 -1136 5320 -4637 -13899 -24863 633 590 628 600 590 END
START 9052 -392 5120 -6266 -14755 -25211 633 590 628 600 590 END
START 9168 780 4464 -6855 -15113 -25956 633 590 628 600 589 END
START 10112 2156 2496 -5503 -14843 -26196 633 590 628 600 590 END
START 10368 5164 288 -3836 -13877 -25300 633 589 628 600 590 END
START 10612 8548 -1460 -3786 -12267 -23824 633 590 628 600 590 END
START 10732 10920 -3364 -4563 -10899 -22053 633 590 628 600 590 END
START 10780 13108 -4896 -4938 -9798 -20254 633 590 628 600 590 END
START 10976 14868 -6412 -3941 -8135 -17710 633 590 628 599 590 END
START 11176 17156 -7064 -3858 -6708 -14670 633 589 628 599 590 END
START 11812 18316 -7400 -4496 -3653 -11466 633 590 628 599 590 END
START 12300 18212 -7504 -4269 -2462 -7917 633 590 628 599 590 END
START 12492 17776 -6556 -4449 -492 -4889 633 590 628 599 590 END
START 12656 16664 -5384 -4511 1016 -2067 633 590 628 599 589 END
START 13392 15200 -3524 -4362 1776 797 633 590 628 598 590 END
START 13792 13352 -2440 -3746 2593 2590 633 589 628 599 589 END
START 14576 11696 -1168 -2671 1939 3636 633 589 628 599 589 END
START 15248 10368 -416 -2033 1869 4241 633 589 628 599 589 END
START 15144 9004 836 -1109 2976 4408 633 588 627 599 589 END
START 14700 8428 1168 4 3242 3592 633 588 627 599 588 END
START 15140 8088 1512 1094 2438 3073 633 588 627 599 588 END
START 15024 8544 1472 1142 2913 2680 633 587 627 599 588 END