START 12664 -9224 10728 2730 2828 1098 633 594 629 605 594 END
START 12800 -8940 10412 2808 2659 958 633 594 629 605 594 END
START 12808 -8332 10644 2073 2650 372 633 594 629 604 594 END
START 12556 -8116 10532 1148 1656 -227 633 594 629 605 594 END
START 12508 -8108 10604 982 1078 -561 632 593 629 605 594 END
START 12616 -7684 9928 1332 1098 -651 633 594 629 604 594 END
START 12748 -6900 9612 1304 870 -647 633 595 629 605 594 END
START 12724 -6676 9040 1192 884 -387 633 594 629 605 594 END
START 12700 -6260 8896 880 793 -217 633 594 629 605 594 END
START 12604 -6368 8652 378 823 -69 633 594 629 605 594 END
START 12316 -6660 8812 82 894 141 633 594 629 605 594 END
START 12632 -6848 8792 98 772 163 633 594 629 605 594 END
START 12692 -6696 8900 112 769 304 633 595 629 605 594 END
START 12852 -6624 8788 -274 668 328 633 594 629 605 595 END
START 12756 -7044 9068 -565 729 416 633 594 629 605 594 END
START 12716 -7060 9528 -774 683 327 633 594 629 605 594 END
START 12600 -7580 9924 -707 333 361 633 594 629 605 594 END
START 12436 -8076 10340 -547 183 103 633 593 629 605 595 END
START 12164 -8656 10896 -426 -278 -203 633 594 629 605 594 END
START 11952 -9276 11348 -643 -598 -603 633 594 629 605 594 END
START 11752 -10316 12176 -1046 -1242 -1117 633 594 629 605 594 END
START 11280 -11340 13116 -1569 -2106 -1965 633 594 629 605 594 END
START 11096 -11900 13580 -2013 -3511 -3659 633 594 629 605 594 END
START 11004 -12468 13284 -1758 -4875 -5386 633 595 629 605 594 END
START 10964 -12364 13248 -1393 -5285 -7060 633 594 629 605 594 END
START 11092 -11900 12896 -1450 -6609 -8739 633 594 629 605 594 END
START 10992 -11564 12356 -1793 -7577 -10409 633 594 628 605 594 END
START 10436 -10824 11628 -2102 -8912 -12344 633 594 629 605 594 END
START 10184 -9748 10460 -2357 -9525 -14463 633 594 629 605 594 END
START 10292 -8480 8732 -2783 -10423 -16145 633 594 629 605 594 END
START 10508 -6904 7272 -3438 -11540 -17718 633 594 629 605 594 END
START 11156 -6024 6320 -4770 -11877 -18658 633 594 629 605 594 END
START 10648 -4600 5280 -6041 -11544 -19943 633 594 629 605 594 END
START 10112 -4076 4584 -6806 -11310 -21739 633 594 629 605 594 END
START 10368 -3416 3488 -5608 -11754 -22739 633 594 629 605 594 END
START 9932 -1316 2228 -4214 -10724 -24090 633 594 629 605 594 END
START 9768 552 944 -3847 -10411 -25844 633 594 629 604 594 END
START 10188 3056 32 -4080 -10178 -26869 633 594 629 603 594 END
START 10304 4980 -576 -4432 -10218 -26754 633 593 629 603 594 END
START 12712 5492 -2160 -2170 -11429 -24021 633 594 629 604 594 END
START 12828 9296 -2404 -359 -8709 -20356 633 594 629 603 594 END
START 11872 12540 -2348 -4217 -5828 -18157 633 594 629 603 594 END
START 11604 12036 -2772 -6798 -5825 -16128 633 594 629 603 593 END
START 12116 10884 -2832 -5413 -5523 -14374 633 594 629 603 594 END
START 12828 12096 -3208 -1720 -3776 -12112 633 594 629 603 594 END
START 13532 14084 -3452 -508 -1130 -9004 633 593 629 603 594 END
START 13068 15128 -3420 -1777 235 -6282 633 594 629 603 594 END
START 13560 14344 -3292 -3385 196 -4819 633 594 629 603 594 END
START 14700 13356 -3060 -3111 -2457 -3219 633 594 629 603 594 END
START 15124 12044 -2576 -2653 17 -2882 633 594 629 603 594 END
START 16120 11516 -2032 -527 719 -2206 633 594 629 602 594 END
START 15856 11872 -1748 -107 1935 -1131 632 594 629 603 594 END
START 15532 11044 -1172 -452 2348 -177 633 594 629 603 594 END
START 15284 10808 -768 -89 2051 454 633 594 629 603 594 END
START 15456 10716 -16 -451 867 1050 633 594 629 603 594 END
START 15644 9696 8 -483 1182 1337 633 594 629 603 594 END
START 15328 9300 -108 558 793 1551 633 594 629 603 594 END
START 15288 9224 16 1596 1276 1981 633 594 629 603 594 END
START 14908 9316 700 1677 2112 2523 633 594 629 603 594 END
START 14256 8888 580 1604 1995 2899 633 594 629 602 594 END
START 14040 8904 500 1440 1907 3366 633 594 629 603 594 END
START 13836 9208 -40 1689 1635 4555 633 594 629 603 594 END
START 13644 9428 -100 531 1735 4704 633 594 629 603 594 END
START 14092 8512 -320 308 1675 5250 633 594 629 602 594 END
START 14360 8692 -40 741 2086 6217 633 594 629 603 594 END
START 14464 8532 -276 1241 3179 7406 633 594 629 602 594 END
START 14632 8452 -804 2092 3903 9625 633 594 629 602 594 END
START 14164 8188 -1108 2617 4730 11953 633 594 629 602 594 END
START 13364 8024 -320 1177 5532 11761 633 594 629 602 594 END
START 13256 7116 332 -485 4682 10089 633 594 629 602 593 END
START 14260 5048 704 -172 3983 9001 633 594 629 602 594 END