START 11204 -10032 12684 -915 -569 166 633 592 628 602 593 END
START 11056 -10316 12772 -903 -652 26 633 592 628 602 593 END
START 11088 -10792 12912 -774 -1121 -523 633 593 628 602 592 END
START 11244 -10888 13168 -764 -2071 -1128 633 593 628 602 593 END
START 11208 -10824 13364 -1655 -2871 -1568 633 592 628 602 593 END
START 10624 -11412 13472 -2630 -3412 -2139 633 593 628 602 593 END
START 10140 -11892 13736 -3000 -4264 -3463 633 593 628 602 592 END
START 9724 -12508 13084 -2603 -5045 -4865 633 593 628 602 593 END
START 9248 -12520 12628 -2735 -6152 -6570 633 593 628 602 592 END
START 9664 -12660 12168 -3068 -6958 -8208 633 593 628 602 592 END
START 9576 -12848 11380 -3068 -7856 -9820 633 593 628 602 592 END
START 9324 -12692 11104 -2985 -9015 -11946 633 593 628 602 592 END
START 9356 -11940 10308 -3022 -9543 -14500 633 593 628 601 592 END
START 9272 -11096 9656 -2809 -10402 -16704 633 592 628 602 593 END
START 9164 -9660 9008 -3310 -10793 -18723 633 592 628 602 592 END
START 9036 -8216 7936 -3662 -11456 -20581 633 593 628 602 593 END
START 9060 -6564 6968 -3715 -12222 -21855 632 593 628 602 593 END
START 8960 -4380 5840 -3932 -12386 -22978 633 593 628 602 592 END
START 9600 -2632 4784 -4386 -13384 -23418 633 593 628 602 593 END
START 9796 -1320 4016 -5028 -12541 -23521 633 593 629 602 593 END
START 9908 -340 3004 -5352 -12176 -23905 633 593 628 602 593 END
START 10316 572 1952 -4192 -11914 -24486 632 593 628 602 593 END
START 10568 2304 1212 -3012 -11660 -24899 633 593 629 602 593 END
START 11504 4492 24 -2796 -11257 -24793 633 593 628 602 593 END
START 12084 6232 -1220 -2923 -9699 -23678 633 593 628 602 593 END
START 12732 7760 -2176 -2269 -9350 -21143 633 593 628 602 593 END
START 13020 9344 -3512 -1804 -8279 -18186 633 593 628 602 593 END
START 13272 11428 -4452 -2040 -7280 -15115 633 593 628 602 593 END
START 13520 12556 -5168 -3849 -5681 -12022 633 593 629 602 593 END
START 13868 12552 -5396 -5131 -4535 -8582 633 593 629 601 593 END
START 14212 12176 -5428 -5037 -3320 -5537 633 593 628 602 593 END
START 14428 11820 -5092 -4638 -1343 -3847 633 593 629 601 593 END
START 15104 11580 -4672 -5137 -1974 -3104 633 593 629 601 593 END
START 15804 10288 -3824 -4388 796 -1684 633 593 629 601 593 END
START 15544 9820 -2992 -2704 2451 -203 633 593 629 601 592 END
START 15424 9528 -2020 -2656 2669 350 633 593 629 601 592 END
START 15536 8808 -1012 -3046 3071 822 633 593 629 601 593 END
START 15744 8032 -148 -3045 3045 1551 632 593 629 602 593 END
START 15804 7164 760 -2963 2445 1948 633 593 629 601 593 END
START 16208 6532 1388 -2550 2101 2091 633 593 629 601 593 END
START 15844 6104 1780 -2388 1465 1781 633 593 628 602 593 END
START 15768 5632 2008 -1230 1873 1401 633 593 628 602 593 END
START 15660 5976 1860 339 1212 1123 633 593 628 602 593 END
START 15536 6688 1780 889 1309 676 633 593 629 602 593 END
START 15548 6684 1604 1419 1121 750 633 593 628 602 593 END
START 15272 7404 960 2103 897 997 632 593 629 601 593 END
START 15124 7704 692 2036 346 1117 633 592 629 601 593 END
START 15000 7444 740 2209 426 1388 633 593 628 602 593 END
START 14920 7448 176 3018 688 1827 633 593 628 602 593 END
START 14936 7552 20 3412 660 2416 633 593 628 601 593 END