START 12112 -7092 9100 -223 1218 1471 632 586 628 601 585 END
START 11904 -7300 9056 -238 1249 1469 632 586 628 600 586 END
START 11664 -7684 9444 -613 1064 1409 631 586 628 601 586 END
START 11748 -8476 9496 -1085 990 1281 633 586 628 601 586 END
START 11912 -8968 10156 -1441 791 1113 632 586 627 601 586 END
START 12104 -9824 10748 -1822 351 467 632 585 628 601 587 END
START 12076 -10296 11736 -2154 -261 -206 632 586 628 601 586 END
START 12040 -11236 13004 -2587 -1028 -773 632 586 628 601 586 END
START 11916 -12060 14092 -3076 -1802 -1809 633 586 628 601 586 END
START 11572 -12876 14748 -3116 -2917 -3674 632 587 628 601 586 END
START 11304 -13228 14608 -2468 -4415 -5629 632 586 628 601 586 END
START 10904 -12832 14096 -1967 -5725 -7693 633 586 628 601 586 END
START 10476 -11864 13628 -2076 -7081 -9944 632 586 628 601 587 END
START 10192 -11432 12624 -2102 -8355 -12047 633 587 628 601 587 END
START 10212 -10328 11396 -1777 -8883 -13904 632 587 628 601 587 END
START 9816 -8928 10572 -1762 -9776 -15485 633 587 628 601 588 END
START 9892 -7648 9416 -2250 -10303 -16793 633 588 627 601 588 END
START 9868 -6480 8152 -2510 -10753 -17595 633 588 628 601 588 END
START 10104 -5128 7120 -3202 -10743 -17519 633 588 628 601 588 END
START 10116 -4044 6736 -5150 -10743 -17432 633 588 628 601 588 END
START 10308 -3988 6268 -7125 -10381 -18213 633 588 628 602 588 END
START 10780 -4272 5152 -6807 -10352 -19049 633 588 628 601 588 END
START 11352 -3052 4040 -5454 -10467 -19311 632 588 628 601 588 END
START 10696 -1504 3180 -5695 -9755 -20706 633 588 628 601 588 END
START 10744 -104 2068 -6736 -9589 -22442 633 588 628 601 588 END
START 11752 584 1192 -6526 -10288 -21660 633 588 628 601 588 END
START 11368 1384 816 -7700 -9684 -20916 633 588 628 601 588 END
START 11220 1536 112 -8665 -8732 -21580 633 588 628 600 588 END
START 12592 1600 -932 -6150 -8309 -20992 633 588 628 601 588 END
START 12664 4984 -1380 -5462 -6293 -19798 633 588 628 601 588 END
START 11856 6360 -2188 -5561 -4590 -17995 633 588 628 601 588 END
START 12024 7496 -2680 -4432 -3116 -16034 633 588 628 600 588 END
START 12232 9308 -3040 -2870 -2029 -14528 633 588 628 600 588 END
START 12708 12220 -2768 -4252 -1379 -14146 633 588 628 599 588 END
START 13736 12672 -3060 -4622 -1591 -12728 633 588 628 599 588 END
START 14016 13140 -2344 -3693 -381 -9966 633 588 628 599 587 END
START 13716 14012 -1484 -3867 479 -7771 633 588 628 598 588 END
START 14576 13712 -1204 -3946 581 -6141 633 588 628 598 588 END
START 15656 13740 -684 -4049 -14 -4569 633 588 628 598 587 END
START 15536 13020 -180 -3831 2133 -3128 633 587 628 598 588 END
START 15096 12156 184 -2950 2328 -2305 633 587 628 598 587 END
START 15232 11732 584 -2099 1952 -1621 633 588 628 598 587 END
START 15036 11576 572 -1420 2230 -979 633 587 628 598 588 END
START 14892 11228 1056 -885 2206 -256 632 587 628 598 587 END
START 14664 10540 1572 -438 2012 483 633 587 628 598 588 END
START 14316 10092 2036 -515 2003 678 633 587 628 598 587 END
START 14216 9100 2388 370 1193 1053 633 587 628 598 587 END
START 14100 8916 2400 1194 1420 1169 632 587 628 598 587 END
START 14236 8656 2192 1991 1449 1201 633 587 628 598 587 END
START 14076 8892 2516 2371 1480 1545 633 587 628 598 586 END
START 13668 8720 2284 2237 1261 1635 633 587 628 598 587 END
START 13796 8132 2412 2607 1070 1922 633 587 628 598 587 END
START 13912 7944 2228 3432 1232 2259 632 586 628 597 586 END
START 14200 8156 1980 4027 1448 2439 632 585 628 597 585 END
START 14136 8404 1548 4385 1475 2844 633 585 628 597 585 END
START 13952 8620 1592 4028 1581 2999 633 584 628 597 585 END
START 14096 8328 1444 3834 1479 2958 632 584 628 597 584 END
START 14532 8156 1460 4286 1343 3439 633 584 628 596 584 END
START 14700 8204 1412 4553 2081 3992 632 584 628 596 584 END