START 11484 -11680 13480 175 -4392 -5425 633 592 628 602 593 END
START 11600 -11564 13532 60 -4633 -5589 633 593 628 602 592 END
START 11496 -11060 12848 -567 -4918 -6229 633 592 628 602 592 END
START 11456 -10880 12396 -1178 -6053 -6760 633 593 628 602 592 END
START 10948 -10952 11940 -1783 -6433 -7578 633 593 628 601 593 END
START 10628 -11052 11940 -2317 -7504 -8436 632 592 628 602 593 END
START 10176 -11448 11280 -2928 -7677 -9457 633 592 628 602 592 END
START 9776 -11300 10516 -3123 -8956 -10863 633 593 628 601 593 END
START 9868 -10588 9396 -3347 -9048 -12667 633 592 628 602 593 END
START 10128 -9752 7968 -3733 -9480 -14051 633 592 628 602 592 END
START 10260 -8960 6848 -4109 -9059 -15330 633 593 628 602 592 END
START 10284 -8040 6164 -4732 -9271 -16347 633 592 628 601 593 END
START 10140 -7476 5492 -5122 -9656 -18075 633 592 628 602 592 END
START 10200 -6560 4988 -5761 -9764 -20364 633 592 628 601 593 END
START 10720 -5104 4300 -5126 -10149 -21347 633 592 628 602 592 END
START 10884 -3408 3412 -4986 -10042 -21551 633 592 628 601 592 END
START 10800 -1928 3024 -5173 -8858 -21779 633 592 628 601 592 END
START 10824 -232 2616 -4988 -8980 -21925 633 592 628 602 592 END
START 10584 1808 2044 -5220 -7968 -22076 633 592 628 601 592 END
START 11160 3528 1560 -6139 -8405 -21841 633 593 628 602 593 END
START 11692 4408 960 -6142 -7231 -21328 633 592 628 601 592 END
START 12400 5444 312 -3837 -7201 -20337 633 592 628 601 592 END
START 12956 7500 -320 -2131 -6279 -18864 633 592 628 601 593 END
START 12960 9556 -956 -1910 -4213 -17256 633 592 628 601 592 END
START 13352 10932 -1268 -3146 -3939 -15302 633 592 628 601 592 END
START 13832 11792 -1760 -3595 -3413 -12994 633 592 628 601 593 END
START 14480 12124 -1932 -2908 -3047 -10507 633 592 628 601 593 END
START 14784 12468 -2060 -2112 -1844 -8011 633 592 628 601 592 END
START 15240 12304 -2008 -1733 -624 -5566 633 593 628 601 592 END
START 15500 11996 -1896 -1591 -149 -3510 633 592 628 601 592 END
START 15728 11404 -1440 -1528 920 -1772 633 593 628 601 592 END
START 15780 10788 -1196 -1921 -31 -699 633 593 628 601 592 END
START 16240 9544 -332 -1725 980 683 633 592 628 601 592 END
START 16024 8344 -16 -1159 2685 1728 633 592 628 601 592 END
START 15820 7636 476 -916 1549 2016 633 592 628 601 592 END
START 15940 6752 1044 -788 1902 2158 634 592 628 601 593 END
START 15848 6424 1384 -739 2038 2327 633 592 628 601 592 END
START 15568 5896 1476 -911 1541 2525 633 592 628 601 592 END
START 15592 5212 1972 -1042 1465 2597 633 593 628 601 592 END
START 15284 4668 2168 -700 1194 2237 633 592 628 601 593 END
START 15504 4924 2340 -198 1150 1726 633 592 628 601 592 END
START 15768 4988 2064 368 1147 1488 633 592 628 601 592 END
START 15652 5404 1936 790 1217 1592 633 592 628 601 592 END
START 15424 5656 1960 953 1230 1521 633 592 627 601 592 END