START 12384 -8188 11800 980 1804 -1100 633 589 628 604 589 END
START 12432 -8076 11624 1010 1780 -1220 633 588 628 604 589 END
START 12640 -7608 11324 1032 1908 -1317 632 589 627 604 589 END
START 12620 -7208 11088 853 1167 -1336 633 589 628 604 589 END
START 12852 -6796 10592 619 577 -1391 633 589 628 604 589 END
START 12988 -6396 10288 456 459 -1212 632 589 628 604 589 END
START 12600 -6176 9780 216 337 -993 633 589 628 604 589 END
START 12388 -6052 9756 -143 342 -1006 632 589 628 604 589 END
START 12340 -5824 9392 -169 244 -845 633 588 628 604 589 END
START 12576 -5488 9056 -250 103 -539 633 589 628 604 589 END
START 12616 -5476 9024 -214 199 -307 633 589 627 604 589 END
START 12492 -5476 8740 -41 100 -108 633 589 628 604 589 END
START 12528 -5280 8676 -127 112 -17 633 589 628 604 589 END
START 12548 -5320 8760 -101 177 184 633 589 628 604 589 END
START 12520 -5440 8848 43 244 617 633 589 628 604 589 END
START 12624 -5692 8952 2 364 1044 633 589 628 604 589 END
START 12412 -6076 9252 -308 234 1254 633 589 628 604 589 END
START 12408 -6964 9604 -778 59 1192 632 589 628 604 589 END
START 12264 -8288 10180 -901 -47 1220 633 589 628 604 589 END
START 12068 -10004 11228 -1069 -270 1127 633 589 628 604 589 END
START 12008 -11736 12956 -1999 -1151 585 632 588 628 604 589 END
START 11576 -13536 14688 -3751 -1839 -1197 633 589 628 604 589 END
START 11260 -14948 15548 -4592 -4314 -3785 632 589 628 604 589 END
START 11200 -15644 15736 -4031 -5527 -6643 633 589 628 604 589 END
START 11404 -14572 15384 -3276 -6810 -9330 633 589 628 604 589 END
START 10808 -13012 14512 -3529 -7633 -11616 633 589 628 604 589 END
START 10156 -11668 13468 -4524 -9104 -13714 633 589 628 604 589 END
START 9220 -10708 12212 -5444 -10200 -15918 633 589 628 604 589 END
START 8368 -9836 11088 -5672 -11048 -18285 633 589 628 604 589 END
START 8084 -8892 9292 -5262 -12096 -20253 632 589 628 604 589 END
START 8252 -7024 7680 -4717 -12729 -21496 633 589 628 604 589 END
START 7844 -4584 5728 -4956 -12967 -22724 633 589 628 604 589 END
START 7396 -3088 4636 -6045 -12786 -23654 633 589 629 604 589 END
START 7088 -1820 4120 -7598 -12419 -24938 633 589 628 604 589 END
START 8204 -268 2584 -8108 -12932 -26445 632 589 628 604 589 END
START 9044 1752 1500 -7406 -12988 -27044 633 589 628 604 589 END
START 9936 3816 284 -6369 -11713 -26911 633 589 629 604 589 END
START 10608 6592 -176 -6539 -10468 -26486 633 589 628 604 589 END
START 11224 8736 -928 -6589 -9481 -25171 633 589 628 604 588 END
START 12080 10772 -1748 -6218 -9195 -23218 633 589 628 603 589 END
START 12356 12276 -2056 -5753 -8705 -21399 633 589 629 603 589 END
START 12728 13076 -2440 -4479 -7600 -19291 633 589 628 603 589 END
START 13092 13840 -3040 -2364 -6398 -16062 633 589 628 603 588 END
START 13332 15292 -3636 -1791 -4429 -12807 632 589 628 603 589 END
START 13392 15408 -4428 -1051 -3823 -9054 633 589 628 603 589 END
START 13944 15328 -4292 -1472 -2164 -6032 633 588 628 603 588 END
START 14152 14260 -4308 -1690 -1222 -3647 633 589 628 603 588 END
START 14720 13116 -4000 -1192 -702 -2089 632 588 628 602 588 END
START 15264 12616 -3664 -148 294 -602 633 588 626 602 588 END
START 15336 12344 -3240 128 1428 717 633 588 627 602 588 END
START 15132 11408 -2496 96 1910 1693 633 587 627 602 588 END
START 15192 11132 -2064 653 2553 2364 632 588 627 602 588 END
START 14972 10956 -2088 1241 1914 3036 633 588 627 602 588 END
START 14812 11072 -1584 1768 2910 4271 632 588 627 602 588 END
START 14656 10700 -1288 1966 3067 5135 632 588 628 602 587 END
START 14756 10084 -816 1980 2430 5474 633 588 627 602 588 END
START 14764 9676 -616 2683 3113 6091 633 587 627 602 587 END
START 14676 9620 -780 3851 2947 7094 632 587 627 602 587 END
START 14524 10196 -656 4049 3631 8234 632 587 627 602 587 END
START 14856 9568 -456 3665 3770 9652 632 587 627 602 586 END
START 14644 9316 -496 3661 3939 10985 632 587 627 602 587 END
START 14936 8740 -392 3855 4111 12169 632 587 627 602 587 END
START 14872 8356 -572 4021 4130 13750 632 587 627 602 587 END
START 14728 7672 -788 3998 4670 15448 632 587 627 602 587 END
START 14164 6564 -428 2964 5213 16201 632 587 627 602 587 END
START 13836 4624 -160 1973 5584 16094 632 587 627 602 587 END
START 13900 3260 -100 2539 5758 15928 632 587 627 602 587 END
START 14528 2380 148 4170 6291 16358 632 587 627 602 587 END
START 14532 1768 388 5517 7319 17512 632 587 627 602 587 END
START 13972 1640 952 5279 8281 17915 632 587 627 602 587 END
START 13432 464 1344 4552 8473 17619 632 587 627 602 587 END