START 10840 -7720 10380 358 248 -391 633 592 628 602 592 END
START 10976 -7728 10484 258 257 -199 633 592 628 602 592 END
START 11060 -7968 10712 -41 301 196 633 592 628 601 592 END
START 10972 -8668 10968 -316 40 361 633 592 628 602 592 END
START 10944 -9256 11388 -598 -388 97 633 592 627 602 592 END
START 10772 -10160 11576 -873 -786 -471 633 592 628 602 592 END
START 10868 -11076 12096 -761 -1420 -937 633 592 628 602 592 END
START 10592 -11972 12936 -959 -1908 -1551 633 592 628 601 592 END
START 10344 -13032 13244 -1546 -2919 -2627 633 592 628 602 592 END
START 10244 -14092 13616 -2006 -4053 -4696 633 591 628 601 592 END
START 10028 -14592 13212 -2033 -5367 -7494 633 592 628 601 592 END
START 10280 -14232 12624 -1487 -6496 -9847 633 592 628 601 592 END
START 10152 -13188 11852 -1242 -6775 -11815 633 592 628 601 591 END
START 9440 -12440 11628 -1925 -8196 -13878 633 592 627 602 592 END
START 9324 -12164 10940 -2720 -8871 -16559 633 592 628 602 592 END
START 9748 -11128 9736 -2237 -10620 -18090 633 592 628 602 592 END
START 9580 -9868 8924 -2437 -10609 -19241 633 592 628 601 592 END
START 9252 -8512 7940 -3184 -11139 -20800 633 592 628 602 592 END
START 9944 -7008 6772 -3100 -11558 -22201 633 592 628 602 592 END
START 9480 -5760 6196 -3120 -11386 -22452 633 592 628 602 592 END
START 9136 -4528 6132 -4288 -10613 -22967 633 592 628 602 592 END
START 9460 -3268 5196 -5178 -10729 -23647 633 592 628 602 592 END
START 10060 -1628 4296 -5148 -11384 -24162 633 592 628 601 591 END
START 10372 -144 3948 -5588 -10660 -23946 633 592 628 601 592 END
START 10188 676 3600 -5947 -9978 -23189 633 592 628 602 592 END
START 10268 2336 3212 -6152 -9497 -23066 633 592 628 602 592 END
START 10620 3628 2448 -6187 -9857 -22648 633 592 628 602 592 END
START 10804 5256 2372 -6137 -8819 -22135 633 592 628 602 592 END
START 11068 6592 1956 -6144 -8294 -21082 633 592 629 602 592 END
START 11196 7732 1224 -6322 -8446 -19817 633 592 628 601 592 END
START 11044 9328 476 -6395 -7845 -18864 633 592 628 602 592 END
START 11808 10936 -980 -5715 -7788 -17467 633 591 628 601 591 END
START 13124 13136 -3000 -4672 -6318 -15285 633 591 628 601 591 END
START 13668 15052 -4256 -4158 -4979 -12494 633 591 629 601 591 END
START 13944 15932 -5024 -4566 -3087 -10065 633 591 628 601 591 END
START 13436 15308 -5464 -4240 -1413 -8078 633 591 628 600 591 END
START 13352 15320 -4900 -3129 -469 -6283 633 591 628 601 591 END
START 13740 14704 -4252 -2263 1944 -4209 633 591 628 601 591 END
START 13880 14376 -3036 -2785 1908 -1624 633 591 628 601 591 END
START 13840 12564 -1784 -2981 3408 409 633 591 628 601 591 END
START 14520 10556 -688 -1562 3344 1721 633 591 628 600 591 END
START 15140 9700 684 -676 3734 2249 633 591 628 601 591 END
START 15228 8848 1372 -582 4239 2224 633 591 628 601 591 END
START 15388 8100 2100 -561 3645 2251 633 591 628 601 591 END
START 15716 7916 2804 -644 2871 2550 633 592 628 601 591 END
START 15424 7680 2824 -1019 2440 3036 633 591 628 601 592 END
START 15348 6864 3012 -518 2281 3606 633 591 628 601 591 END
START 14620 7152 3696 -498 1499 2795 633 591 628 601 591 END
START 14544 6372 3900 -758 1053 1100 633 591 628 601 591 END
START 14940 6404 3728 96 206 157 633 591 628 601 591 END
START 14988 7152 3356 1060 721 -85 633 591 628 601 591 END
START 14800 7760 3236 1209 -94 140 633 591 628 600 591 END
START 14360 7736 3044 1062 523 275 633 591 628 601 591 END
START 14084 7812 2732 1622 -79 303 633 591 628 601 591 END
START 14256 8476 2368 1706 -332 380 633 591 628 601 590 END
START 14560 8724 1904 1630 -465 642 633 590 628 600 590 END
START 14776 9236 1484 1971 -120 1066 633 589 628 601 589 END
START 14684 10060 1104 2484 411 1679 632 589 628 600 589 END
START 14612 10288 848 2864 662 2612 633 588 628 600 588 END
START 14520 10416 472 3271 1322 3892 633 588 627 600 588 END
START 14116 10972 676 2986 1292 5105 633 588 628 600 588 END