START 13344 -7208 11776 -1015 -638 -932 633 590 629 606 590 END
START 13332 -7472 11848 -1039 -817 -895 633 590 629 606 590 END
START 13276 -7908 12224 -1106 -1526 -589 633 590 629 606 590 END
START 13452 -8588 12424 -1375 -2367 -467 633 590 629 607 590 END
START 12856 -9348 12744 -2190 -2455 -1087 633 589 629 607 590 END
START 12400 -10500 12764 -3227 -3376 -2025 633 590 629 606 590 END
START 12024 -11144 12116 -3500 -4689 -2664 633 590 629 606 590 END
START 11236 -11472 12180 -4006 -4335 -3757 633 590 629 607 590 END
START 10628 -12016 11516 -4567 -5053 -5282 633 590 629 606 590 END
START 10328 -12592 10968 -4288 -5152 -6827 633 590 629 606 590 END
START 10148 -11988 10492 -3935 -6539 -8633 633 590 629 607 590 END
START 10012 -11060 10252 -5570 -7068 -11280 633 590 629 607 590 END
START 10444 -9912 9380 -7458 -7454 -13832 633 590 629 606 590 END
START 10600 -8860 8416 -9055 -8736 -16002 632 590 629 606 590 END
START 10544 -7672 8140 -10108 -9239 -18188 633 590 629 606 590 END
START 10868 -6564 7552 -9767 -10135 -20721 633 590 629 606 590 END
START 10276 -4496 6808 -8422 -11057 -22541 632 590 629 606 590 END
START 10092 -2460 6168 -7351 -11537 -23961 633 590 629 606 590 END
START 9644 48 5476 -7127 -12221 -25102 633 590 629 606 590 END
START 9084 1556 5148 -6883 -12414 -25973 633 590 629 606 590 END
START 8768 4096 4020 -7456 -12349 -27030 633 590 629 606 590 END
START 9400 5512 2404 -7021 -13001 -26832 633 590 629 606 590 END
START 10148 7136 932 -6400 -13158 -25723 633 590 629 606 590 END
START 9800 8508 -604 -5098 -8037 -25064 633 590 629 606 590 END
START 9944 10272 -2300 -3456 -10352 -24677 633 590 629 606 590 END
START 10848 12624 -4520 -2100 -7612 -23612 633 591 629 606 590 END
START 12336 14240 -6144 -972 -6209 -19233 633 590 629 605 590 END
START 13392 15964 -7224 -308 -5203 -12823 633 590 629 605 590 END
START 13824 16008 -7440 -758 -2637 -7582 633 590 629 605 590 END
START 13344 15212 -6972 -2776 -871 -5446 632 590 629 605 590 END
START 13652 14016 -6420 -3342 33 -4302 632 590 629 605 590 END
START 14744 12960 -5564 -2467 691 -2462 632 590 629 605 590 END
START 14840 12444 -4628 -2650 2794 -912 633 590 628 605 590 END
START 15116 11476 -3256 -3267 3287 29 632 590 629 605 590 END
START 15480 10472 -1800 -3230 3886 782 633 590 629 605 590 END
START 15576 9840 -728 -3097 3631 973 633 590 628 605 589 END
START 15756 9332 156 -2420 3192 1095 632 589 628 605 589 END
START 15524 9576 780 -1821 3036 1439 632 589 629 605 589 END
START 15476 9688 964 -1125 3392 1887 632 589 628 605 589 END
START 15372 9928 1436 -303 2575 2489 632 588 629 605 588 END
START 14824 10096 1528 319 2342 2721 632 587 628 605 588 END
START 14408 10124 1484 1176 1949 2916 632 587 629 604 587 END
START 14424 10576 1484 2372 1399 3647 632 587 628 604 587 END
START 14232 11224 1244 2962 1488 5054 632 587 628 604 587 END
START 13764 10892 1004 3422 1531 6687 632 587 628 603 587 END
START 13256 10688 1012 3120 1940 7159 632 587 628 604 587 END
START 13380 10108 376 3869 1672 7533 632 587 628 604 587 END
START 13932 10008 164 5134 1625 8693 632 587 628 603 587 END
START 14276 9920 24 5743 2253 10494 632 587 628 603 587 END