START 12980 -6612 8988 -402 893 768 632 588 628 602 588 END
START 12892 -6832 9516 -447 971 613 632 588 627 603 588 END
START 12520 -7688 10196 -643 387 253 632 588 627 603 588 END
START 12812 -8480 11364 -810 194 -10 632 588 628 603 588 END
START 13088 -9672 12164 -1153 -729 -76 632 588 628 603 588 END
START 13668 -10644 13380 -1706 -760 -633 633 588 627 603 588 END
START 13572 -11712 14268 -2487 -1946 -1611 632 588 628 603 588 END
START 13160 -12960 14268 -2493 -2715 -3021 633 588 628 603 588 END
START 12292 -13204 15000 -2515 -4293 -4944 633 588 628 603 588 END
START 11148 -12892 14280 -2778 -5037 -7201 633 588 628 603 587 END
START 9680 -12204 13160 -4326 -5625 -9684 633 588 628 603 588 END
START 9752 -11708 11132 -4816 -6770 -11463 632 588 628 603 588 END
START 9300 -10608 9744 -4390 -8046 -13703 632 588 628 603 588 END
START 9380 -8980 8720 -4945 -8293 -16199 633 588 628 603 588 END
START 10072 -7404 7208 -5421 -9612 -18845 633 588 628 603 588 END
START 10164 -5816 6356 -5022 -10274 -20603 632 588 628 603 588 END
START 9644 -4340 5864 -4406 -9743 -21875 633 588 628 603 589 END
START 9016 -2068 5404 -4206 -10051 -22662 633 588 628 603 588 END
START 9456 -316 4388 -4805 -10652 -23120 632 588 628 603 588 END
START 9628 1068 3840 -5739 -10504 -23390 633 588 628 603 588 END
START 10216 1452 3152 -5371 -10450 -22843 632 588 628 603 588 END
START 10868 2244 2592 -4166 -9607 -22241 633 588 628 603 589 END
START 11052 3596 1528 -2762 -9461 -22155 633 588 628 603 588 END
START 11072 5008 288 -2183 -8820 -22284 632 588 628 603 588 END
START 11032 6444 -416 -1985 -7467 -22236 633 588 628 603 588 END
START 11088 7468 -1012 -1546 -5971 -21739 633 588 628 603 588 END
START 11536 8660 -1468 -1373 -4757 -20385 633 588 628 602 588 END
START 12160 9608 -2248 -634 -4154 -18100 633 588 628 602 588 END
START 12660 11324 -2996 -1233 -3474 -15624 633 587 628 602 588 END
START 13520 11712 -3704 -744 -3154 -12995 633 588 628 602 588 END
START 14052 12852 -4052 -1419 -1953 -11156 632 588 628 602 588 END
START 14200 13776 -4196 -2318 -763 -9594 632 588 628 602 588 END
START 13788 14280 -3516 -3564 -349 -8364 632 588 628 602 588 END
START 14392 13852 -2852 -3684 458 -6777 633 588 628 602 588 END
START 14880 13400 -1872 -3381 520 -5007 633 588 628 601 588 END
START 14908 13140 -856 -2137 1590 -3021 632 588 627 602 588 END
START 15008 12624 -140 -1262 3156 -1948 632 588 627 602 588 END
START 15224 12680 664 -822 1625 -1042 633 588 627 602 588 END
START 15364 12212 1336 -676 2559 -590 632 588 627 602 588 END
START 15140 12028 1632 -531 1605 -168 633 588 627 602 588 END
START 14940 12008 2124 46 1327 467 632 588 627 601 588 END
START 14784 11912 2436 635 1257 1032 633 588 627 602 588 END
START 14276 12044 2748 876 1145 1554 632 587 627 601 588 END
START 14136 11888 2920 1352 509 2161 632 588 627 602 588 END
START 14064 11860 3104 2017 323 2861 632 588 627 601 588 END
START 13948 12208 2280 2412 554 3803 632 587 627 601 587 END
START 13800 12652 1836 2619 483 5373 633 587 627 601 587 END
START 13756 12788 1004 2676 1040 7455 632 587 627 601 587 END
START 12980 12644 944 2680 854 8952 632 587 627 601 587 END
START 12820 11496 624 1658 1598 8340 632 586 627 601 587 END
START 13588 10500 160 2308 144 8877 632 587 627 601 587 END
START 14180 10664 -356 3697 1402 10425 633 587 627 601 587 END
START 13960 10960 -668 4495 2489 12640 632 587 627 601 586 END
START 14348 10084 -736 4961 3230 15133 632 586 627 601 586 END