START 12508 -8356 12584 851 -3009 -2419 633 593 629 605 593 END
START 12848 -8360 12680 826 -3043 -2468 633 593 629 605 592 END
START 13280 -8664 12660 245 -3240 -2581 633 593 629 605 593 END
START 13316 -9336 13456 -484 -4210 -2839 633 593 629 605 593 END
START 13080 -10344 13728 -834 -4938 -3707 633 593 629 605 593 END
START 12924 -10840 13604 -488 -6279 -4749 633 593 629 605 593 END
START 12372 -10552 13544 -717 -6705 -6007 633 593 629 605 593 END
START 11676 -10132 13224 -1744 -7758 -7288 633 592 629 605 593 END
START 10976 -10136 12444 -2735 -8646 -8521 633 593 629 605 593 END
START 10924 -10232 11496 -3144 -9789 -9862 633 593 629 605 593 END
START 10840 -9828 10936 -3021 -10356 -11361 633 593 629 605 593 END
START 10900 -8560 9620 -3102 -10923 -13192 633 592 629 605 593 END
START 11144 -7424 8760 -3665 -11157 -14804 633 593 629 605 593 END
START 10976 -6204 8128 -4541 -11870 -16029 633 593 629 605 593 END
START 11152 -4668 6948 -5378 -12346 -17396 633 593 629 605 593 END
START 11364 -3676 5848 -5548 -12965 -18048 633 593 629 605 593 END
START 11180 -3004 5048 -5139 -12583 -18221 633 593 629 605 593 END
START 11160 -1524 4524 -5067 -12841 -18250 633 593 628 605 593 END
START 11312 -236 3404 -5182 -13104 -18416 633 593 629 605 593 END
START 11048 1064 2452 -5028 -12697 -18468 633 593 629 605 593 END
START 10768 2032 1356 -4794 -12087 -18049 633 593 629 605 593 END
START 11124 2624 432 -4600 -11889 -17276 633 593 629 605 593 END
START 10920 3248 -572 -3391 -11512 -16468 633 593 629 605 593 END
START 10716 3524 -1788 -786 -10395 -15771 633 593 629 605 593 END
START 10288 5796 -2032 1642 -9556 -14728 633 594 629 605 594 END
START 10884 7792 -2972 1156 -6124 -13965 633 594 629 605 594 END
START 12060 9540 -4776 320 -6988 -13304 633 594 629 604 594 END
START 13240 11220 -5516 -692 -6123 -12293 633 594 629 604 594 END
START 13916 12372 -6196 -2132 -6012 -10856 633 594 629 604 594 END
START 14276 12360 -6556 -3960 -4810 -9434 633 594 629 604 594 END
START 14676 12116 -6652 -4577 -4336 -7840 633 594 629 603 594 END
START 14864 11608 -6816 -4216 -2885 -6020 633 594 629 604 594 END
START 15484 11316 -5992 -3415 -829 -3945 633 594 629 604 594 END
START 16340 10828 -5624 -2609 -1132 -1890 633 594 629 604 594 END
START 16488 10512 -5036 -2377 682 -637 633 594 628 604 595 END
START 16352 9344 -4072 -1765 1986 100 633 594 629 604 594 END
START 16184 8720 -3496 -1253 2296 311 633 594 629 604 594 END
START 16124 8264 -2512 -946 2534 582 633 594 629 604 594 END
START 16044 7692 -2068 -440 2837 749 633 595 629 604 595 END
START 15920 7528 -1472 332 2594 1040 633 594 629 604 594 END
START 15652 7516 -776 252 2498 1415 633 594 629 604 594 END
START 14964 7108 -608 -272 2221 1639 633 594 629 604 594 END
START 14848 6624 -344 247 1768 1623 633 594 629 603 594 END
START 14736 6884 -828 1414 1841 1556 633 594 629 604 594 END
START 14864 7348 -1216 2012 2282 1893 632 594 629 604 594 END
START 14556 7680 -1208 1762 2614 2145 633 594 629 604 594 END
START 14236 7548 -1188 1227 2664 2157 632 594 629 604 594 END
START 14392 7300 -1452 1719 2662 2731 633 594 629 604 594 END
START 14704 7588 -1564 2413 2493 3539 632 594 629 604 594 END
START 14552 7460 -1580 2048 3113 3935 633 594 629 604 594 END
START 14928 7020 -1376 2109 3255 4369 632 594 629 604 594 END
START 15388 6904 -1540 2933 3815 5134 633 594 629 604 594 END