START 13108 -5116 7640 -298 1644 -26 632 588 629 605 588 END
START 13300 -5240 7704 -119 1634 66 632 588 628 605 588 END
START 13384 -4888 7924 188 1988 342 632 588 629 605 588 END
START 13004 -4808 8252 30 1801 593 632 588 629 605 588 END
START 12656 -5172 8888 -35 1613 748 632 588 629 605 588 END
START 12488 -5384 9096 -6 2249 588 632 588 629 606 588 END
START 12736 -5304 9148 144 1430 556 632 588 629 606 588 END
START 12812 -5020 8916 -71 1235 649 632 588 629 606 588 END
START 13128 -5316 9004 -320 1392 1040 632 588 629 606 588 END
START 12788 -6044 9376 -147 944 1205 632 588 629 606 588 END
START 12768 -6284 9248 110 503 903 632 588 629 606 588 END
START 12456 -6608 9340 173 710 562 633 588 629 606 588 END
START 12472 -6856 9584 -138 626 98 632 588 629 606 589 END
START 12604 -7108 9880 -347 113 -187 632 588 629 606 588 END
START 12756 -7628 10472 -530 -231 -326 632 588 629 606 588 END
START 13036 -8232 11168 -729 -874 -475 632 588 629 606 588 END
START 12948 -9156 12380 -1198 -1632 -959 633 589 629 606 589 END
START 13028 -10840 13500 -2030 -2064 -1812 632 589 629 606 588 END
START 12648 -11660 14748 -2375 -3992 -3229 632 589 629 606 589 END
START 12696 -12232 14156 -2670 -4772 -5256 632 589 629 606 589 END
START 12756 -12336 13860 -2737 -6027 -7040 632 589 629 606 589 END
START 11860 -11768 13344 -3161 -6754 -9288 632 589 629 606 589 END
START 11488 -11336 12844 -3407 -8137 -11338 632 589 629 606 589 END
START 11032 -10160 11468 -3884 -8895 -13049 632 589 629 606 589 END
START 10500 -9176 10492 -4878 -10189 -14824 632 589 629 605 589 END
START 10604 -8260 9264 -5408 -11514 -16968 632 589 629 606 589 END
START 10460 -6720 7964 -5487 -12351 -18791 633 589 629 606 589 END
START 10100 -5020 6936 -5413 -11980 -20598 632 589 629 606 589 END
START 10108 -3232 5520 -5831 -12421 -21974 633 589 629 606 589 END
START 9748 -1440 4924 -6300 -12753 -22329 632 589 629 606 589 END
START 9812 648 3976 -6982 -12458 -22499 632 589 629 606 589 END
START 9980 1844 3108 -7435 -12689 -22658 632 589 629 606 589 END
START 10208 3456 2416 -8381 -11904 -23206 632 589 629 606 589 END
START 10672 4536 1988 -8945 -12051 -22967 633 589 629 606 589 END
START 11224 6084 860 -8940 -11945 -22150 632 589 629 606 589 END
START 11392 7280 -320 -8039 -11809 -21236 632 589 629 605 589 END
START 11488 8464 -1568 -6397 -10412 -20778 632 589 629 605 589 END
START 11548 10428 -2896 -4647 -9201 -20126 632 589 629 606 589 END
START 11888 12360 -3848 -3235 -7310 -18544 632 589 629 605 589 END
START 12124 13800 -5048 -2811 -6576 -15998 632 588 629 605 589 END
START 12244 15052 -5936 -2472 -5007 -12877 632 589 629 605 589 END
START 12600 15160 -6460 -2221 -3833 -9564 632 589 628 605 589 END
START 12908 15324 -6536 -2019 -1985 -6878 633 589 629 605 589 END
START 13584 14144 -6172 -1798 -811 -4409 633 589 629 605 589 END
START 14040 13468 -4988 -1629 811 -2445 632 589 629 605 588 END
START 14508 12680 -3736 -1826 1365 -1039 632 589 629 604 589 END
START 15432 11328 -2536 -1911 1477 157 632 589 628 605 589 END
START 16292 10288 -984 -1525 1705 924 632 588 628 605 589 END
START 16736 9176 224 -425 1350 1633 632 588 628 605 589 END
START 16300 8884 1140 120 1105 1935 632 588 628 605 588 END
START 15340 8512 1000 361 1198 1594 632 588 628 605 588 END
START 14216 8756 632 1003 628 926 632 588 628 605 588 END
START 14140 9392 -332 1836 704 732 632 589 628 605 588 END
START 13724 10600 -1008 2072 890 1312 632 588 628 605 588 END
START 13220 11072 -1784 2126 1553 2088 632 588 628 605 588 END
START 12896 11344 -2416 2534 1572 3059 632 588 628 605 588 END
START 12544 11876 -2636 2691 2264 4056 632 588 628 604 588 END
START 11816 11948 -3380 3120 3353 4953 632 588 627 604 587 END
START 12168 11888 -3524 3913 3943 6611 632 587 628 604 587 END
START 13108 11428 -3056 4492 5245 9031 632 587 628 604 587 END
START 13432 10920 -2556 4733 6336 11984 632 587 628 604 587 END
START 13404 9892 -1944 5397 6775 14929 632 587 628 604 587 END
START 13340 8564 -1512 5671 7169 17025 632 587 628 604 587 END
START 12832 7844 -536 5554 7663 17491 632 587 628 604 587 END
START 13604 6092 0 5310 7363 17484 632 588 628 604 588 END
START 14160 4928 720 6357 7564 17948 632 588 628 604 588 END