START 10768 -6800 9504 -154 369 849 633 592 628 601 592 END
START 10764 -6800 9644 -243 434 867 633 592 628 602 592 END
START 10752 -7436 10116 -646 601 905 633 592 628 602 592 END
START 10648 -8276 10952 -664 -65 1007 633 592 628 602 592 END
START 10752 -9128 11476 -1082 236 564 633 592 628 602 592 END
START 10972 -10296 11880 -1299 -625 76 633 592 628 602 592 END
START 10932 -11028 12480 -1116 -1305 -511 633 592 628 602 592 END
START 10568 -12092 13404 -1743 -1815 -1738 633 592 628 602 592 END
START 10032 -13148 13916 -1486 -3060 -3503 633 592 628 602 592 END
START 9684 -13144 13828 -1488 -3826 -5959 633 592 628 602 592 END
START 9948 -12932 13272 -1144 -5075 -7875 633 592 628 602 592 END
START 9808 -12168 12580 -1272 -6099 -9468 633 592 628 601 592 END
START 9392 -11872 12592 -2018 -6960 -11770 633 592 628 602 592 END
START 9512 -11604 11976 -2310 -8031 -14290 633 592 628 602 592 END
START 9488 -10640 11372 -1835 -8804 -15647 633 592 628 602 592 END
START 9400 -9260 10456 -1744 -9363 -16633 633 592 628 602 592 END
START 9708 -7868 9376 -1935 -10604 -17681 633 592 628 602 592 END
START 9852 -6336 8340 -2783 -11007 -18239 633 592 628 602 592 END
START 9780 -4844 7380 -3756 -10788 -18690 633 592 628 602 592 END
START 10372 -3664 6360 -4801 -11514 -19117 634 592 628 602 592 END
START 10796 -3000 5692 -5315 -11577 -19407 633 592 628 602 592 END
START 11048 -2512 5636 -5589 -11392 -20002 633 592 628 602 592 END
START 11724 -1716 5100 -5052 -11202 -20592 633 592 628 602 592 END
START 12864 -728 4168 -3978 -11530 -20142 633 592 628 602 592 END
START 12880 720 3224 -3642 -10412 -19491 633 592 629 601 592 END
START 12588 1728 3004 -4580 -10398 -19500 633 592 628 602 592 END
START 12592 1888 2024 -4698 -10270 -19581 633 592 628 602 592 END
START 12592 2712 1296 -3627 -10212 -19457 633 592 628 602 592 END
START 12924 4164 248 -2782 -9846 -18951 633 592 629 602 592 END
START 13108 6372 -1372 -2674 -8891 -18119 633 592 628 601 592 END
START 13420 8304 -2448 -3773 -8166 -17295 633 592 628 601 592 END
START 13716 9116 -3272 -5202 -7328 -16475 633 591 628 601 592 END
START 14084 9596 -3976 -4429 -6521 -15300 633 592 628 601 592 END
START 13996 11060 -4000 -3221 -5014 -14076 633 592 628 601 592 END
START 14320 12072 -3720 -2109 -3827 -12051 633 592 628 601 592 END
START 14136 13020 -3352 -1629 -1871 -9340 633 592 628 601 592 END
START 14016 13144 -2392 -2515 -375 -6627 633 592 628 601 592 END
START 13996 12832 -2192 -2422 -315 -4232 633 592 628 601 592 END
START 14356 12244 -1788 -1718 605 -1954 633 591 628 600 592 END
START 14344 11856 -1464 -1295 2228 -560 633 592 628 601 591 END
START 14736 11020 -640 -1125 2126 718 633 592 628 601 592 END
START 14552 9724 -228 -822 2933 1405 633 592 628 601 592 END
START 14416 9124 316 10 2857 1815 633 591 628 601 591 END
START 15020 8660 820 387 2751 2339 633 592 628 601 592 END