START 12072 -8344 9724 1404 3112 -124 632 593 629 613 593 END
START 12020 -8160 9636 1444 2734 -103 632 593 629 613 593 END
START 12172 -7452 9724 1260 2926 -200 632 593 629 612 593 END
START 12260 -7512 9640 463 1973 -487 632 593 629 613 593 END
START 12096 -7556 9696 63 1869 -674 632 593 629 613 593 END
START 11936 -7624 9928 19 1502 -1223 632 593 629 613 593 END
START 12116 -7772 10052 295 1147 -1350 632 593 628 614 593 END
START 12424 -7548 10424 341 1524 -1210 632 593 629 614 593 END
START 12312 -7736 10760 -84 614 -1012 632 593 629 612 593 END
START 12420 -8108 11316 -662 232 -997 632 593 629 613 593 END
START 12420 -8896 12320 -1014 -417 -1190 632 593 629 614 593 END
START 12536 -9876 13384 -1795 -1161 -1693 632 593 629 614 593 END
START 12864 -10832 14088 -2068 -2244 -2177 632 593 630 614 593 END
START 12800 -11304 14240 -2008 -3314 -2928 632 593 629 613 593 END
START 12868 -11516 14180 -2547 -4177 -4189 632 593 629 614 593 END
START 12448 -11648 14284 -3240 -5263 -5580 632 593 629 614 593 END
START 11532 -12080 13836 -3691 -6503 -6854 632 593 630 614 593 END
START 10960 -12028 13052 -4236 -7411 -8518 632 593 629 614 593 END
START 10088 -11796 12280 -4697 -8407 -10594 632 593 630 613 593 END
START 10112 -11228 11092 -4857 -9276 -13068 632 593 629 614 593 END
START 10080 -10532 9660 -4048 -10337 -15207 632 593 629 614 593 END
START 9836 -8512 8768 -3863 -10922 -17359 632 593 630 614 593 END
START 9928 -6940 7520 -4677 -11226 -19043 632 593 629 613 593 END
START 9668 -5804 6612 -5446 -11690 -19774 632 593 630 614 594 END
START 9528 -4112 5480 -6683 -11914 -20425 632 594 630 614 594 END
START 9628 -3228 4552 -7462 -12195 -20843 632 593 630 614 593 END
START 9752 -2008 3716 -7811 -11918 -21339 632 593 629 613 593 END
START 9388 -844 2692 -8152 -10971 -21647 632 593 629 613 593 END
START 9208 -436 1932 -8473 -10565 -21418 632 594 630 613 594 END
START 9668 1388 1504 -9386 -10041 -21981 632 593 630 613 593 END
START 9948 2708 768 -9961 -9828 -23482 632 593 630 613 594 END
START 11184 4224 196 -9968 -9266 -24580 632 594 630 613 593 END
START 11596 6184 -552 -8825 -8287 -24666 632 594 630 613 593 END
START 12696 8684 -1748 -7517 -7434 -23562 632 594 630 613 593 END
START 13044 11032 -2332 -6261 -6715 -21160 632 593 629 613 593 END
START 13168 13224 -2544 -5978 -4632 -18155 632 593 629 613 593 END
START 13232 14456 -3008 -6346 -3912 -15194 632 593 629 612 593 END
START 13244 15028 -3376 -6178 -2876 -12298 632 593 629 612 593 END
START 14040 14824 -3784 -5160 -2084 -9169 632 593 629 612 593 END
START 14200 14340 -3636 -3830 -676 -6391 632 592 629 612 593 END
START 14368 13800 -3360 -2877 367 -4641 632 593 629 612 593 END
START 14892 13360 -2836 -2398 1045 -3262 632 593 629 612 593 END
START 14820 12932 -2112 -1519 1868 -1938 632 593 629 611 593 END
START 14840 11892 -1572 -346 2055 -575 632 592 628 612 592 END
START 14836 11700 -572 853 2490 922 632 592 629 611 592 END
START 14864 11508 -68 1823 2992 2194 632 592 629 611 591 END
START 14688 11420 172 2375 2758 3285 632 591 628 611 591 END
START 14932 11028 212 2840 2979 4149 632 590 628 611 590 END
START 14748 11164 352 3306 2888 4847 632 589 628 610 589 END
START 14720 11000 676 3665 2834 5668 632 587 628 610 587 END
START 14572 10544 1348 4011 3085 6718 632 585 628 609 585 END
START 13960 10004 1380 4555 3171 7271 632 581 628 609 582 END
START 13748 9728 1112 5524 2837 7824 631 580 628 608 579 END
START 14448 10020 512 6752 2079 9248 631 579 628 606 579 END
START 14896 10124 20 7110 3114 11534 631 579 628 607 579 END