START 10040 -4292 5524 -7852 -12748 -16494 632 593 631 615 593 END
START 10084 -3692 5536 -8086 -12458 -16805 632 593 631 615 593 END
START 10132 -2908 4308 -8922 -11805 -17698 631 593 631 615 593 END
START 10296 -2188 3720 -8862 -11735 -17573 632 593 631 614 593 END
START 10140 -660 3108 -9658 -10507 -18386 632 593 630 615 593 END
START 10772 -388 2052 -9489 -11095 -19053 632 593 630 614 593 END
START 10808 900 2052 -9245 -10706 -19340 632 593 631 614 593 END
START 11256 2256 1404 -9707 -9194 -19894 631 593 629 614 593 END
START 11816 3128 704 -9345 -9118 -19486 632 593 631 614 593 END
START 11900 4448 724 -8940 -8686 -18722 632 593 630 614 593 END
START 12288 5276 -36 -8713 -7203 -18170 631 593 630 614 592 END
START 11988 6220 -128 -8004 -6716 -17430 631 593 630 614 593 END
START 12500 6928 -484 -7717 -5480 -17161 632 593 630 614 593 END
START 12736 7696 -1108 -6583 -5467 -16079 632 593 630 614 592 END
START 13288 8260 -1664 -5863 -4006 -14116 632 592 630 614 593 END
START 13184 9136 -1416 -5897 -3836 -12719 632 592 629 614 593 END
START 13676 9016 -1936 -5314 -2941 -11517 632 592 629 614 592 END
START 14132 9744 -2044 -4334 -2592 -10326 632 592 629 614 592 END
START 14356 10504 -2168 -3706 -1715 -9003 632 592 629 613 592 END
START 14700 11324 -2072 -3399 -1122 -8054 632 592 629 614 592 END
START 15316 11668 -1792 -2571 605 -6640 632 592 629 614 592 END
START 15424 11812 -1548 -1822 836 -5209 632 592 629 614 592 END
START 15440 11492 -1064 -618 2272 -3497 632 592 629 614 592 END
START 15092 11800 -840 18 2026 -2351 632 592 628 614 592 END
START 14916 11604 -388 -197 1861 -1851 632 592 628 614 592 END
START 15188 11084 156 350 2043 -784 632 592 628 614 592 END
START 15180 11076 544 1519 2760 639 632 592 628 614 592 END
START 14976 10900 608 2155 2380 1903 632 592 628 614 592 END
START 14692 10808 1044 2480 2738 2870 632 592 628 614 592 END
START 14500 10584 1216 2676 2977 3157 632 592 628 613 592 END
START 14496 10400 1440 3048 2470 3524 632 591 628 613 591 END
START 14788 10448 1224 3845 2704 4469 632 591 628 613 591 END
START 14888 10144 1296 4400 2709 6043 632 591 628 613 591 END
START 14392 9984 824 4825 3490 7337 632 590 628 612 590 END
START 14776 9076 340 5781 3075 9103 632 590 628 612 590 END
START 14292 9588 148 6151 3969 10344 632 590 628 612 590 END
START 14172 8620 4 5729 4097 11261 632 590 627 612 590 END
START 14184 8152 400 5316 4280 11556 632 590 628 612 590 END