START 10932 -10436 13524 -26 -2565 -2852 633 592 628 602 592 END
START 10832 -10464 13728 -172 -2632 -2798 633 592 628 602 593 END
START 10772 -11276 14156 -937 -3536 -3053 633 592 629 602 593 END
START 10396 -12284 14368 -1603 -4146 -3705 633 592 629 602 592 END
START 10356 -13260 14412 -1777 -5226 -4716 633 593 628 602 592 END
START 9968 -13808 14168 -2151 -6063 -6213 633 593 628 602 592 END
START 9808 -14136 13260 -2289 -7005 -7882 633 592 628 602 592 END
START 9532 -13896 12740 -2144 -7885 -9785 634 592 629 602 592 END
START 8784 -13712 11944 -2000 -8812 -11949 633 593 628 602 592 END
START 8508 -12356 10988 -2146 -9095 -14292 633 592 628 602 592 END
START 8564 -10816 9216 -3103 -9875 -16689 633 592 628 602 593 END
START 8280 -9512 8156 -3549 -10962 -18675 633 592 628 602 592 END
START 8380 -8404 7420 -3627 -10766 -20259 633 592 628 602 592 END
START 8564 -6796 6424 -3077 -11011 -21414 633 592 629 602 592 END
START 8564 -4800 5204 -2369 -11086 -22507 633 592 628 602 592 END
START 8380 -2764 4180 -3048 -11146 -23169 633 592 628 602 592 END
START 8772 -1672 4048 -4255 -10068 -23393 633 592 628 602 592 END
START 9856 -956 3140 -4373 -10063 -23135 633 592 629 602 592 END
START 10308 516 2784 -3518 -9922 -22429 633 592 628 602 592 END
START 10676 2228 2532 -4010 -9063 -21751 633 592 629 602 592 END
START 11596 3168 1820 -5028 -7889 -20940 633 593 628 602 592 END
START 12236 3912 1664 -5618 -8500 -20030 633 592 628 601 592 END
START 13096 4812 1176 -5189 -8026 -19338 633 593 628 602 592 END
START 13644 5788 920 -4282 -7594 -18317 632 592 629 601 592 END
START 13420 7156 740 -3993 -6358 -17188 633 592 628 601 592 END
START 13388 8424 -164 -3856 -5620 -16076 633 593 628 601 592 END
START 13780 9924 -984 -3728 -5503 -14772 633 592 628 601 593 END
START 14272 11080 -1796 -3080 -4815 -13188 633 592 628 601 592 END
START 14628 12420 -2676 -2780 -3406 -11173 633 592 628 601 592 END
START 14976 12896 -3120 -2569 -2145 -8655 633 592 628 601 592 END
START 14944 13056 -3252 -2258 -1160 -6051 633 592 628 601 593 END
START 15224 12816 -3028 -2504 -71 -3860 633 592 628 601 593 END
START 15556 12140 -2200 -2708 353 -2316 633 592 628 601 592 END
START 15728 10444 -1716 -1764 1870 -988 633 592 628 601 593 END
START 15828 9932 -1020 -988 1391 -48 633 593 628 601 592 END
START 15956 9428 84 -816 2074 777 632 592 628 601 592 END
START 15760 8240 644 -479 3751 1455 633 593 628 601 593 END
START 15444 7576 1556 -224 2932 1992 633 592 628 601 592 END
START 15556 6824 2232 -324 2877 2172 633 592 628 601 592 END
START 15392 6668 2564 -152 2408 2221 633 592 628 601 592 END
START 15556 5968 2692 26 2114 2197 633 592 628 601 592 END