START -5184 18240 -2828 1120 -438 1444 631 530 625 520 530 END
START -5296 18316 -2500 1201 -548 1768 631 530 626 520 530 END
START -5416 18664 -1704 1341 -1012 2848 631 530 626 520 530 END
START -5448 19108 -728 1425 -1743 4533 631 529 626 519 530 END
START -5852 19308 220 1935 -2576 6129 631 530 626 519 530 END
START -6884 19540 768 2312 -3680 7750 631 530 626 519 530 END
START -7136 19516 972 2936 -5396 9251 631 530 626 519 530 END
START -7416 19960 796 4363 -6798 10741 632 531 626 520 531 END
START -7436 19960 592 5902 -8020 12730 631 532 626 521 532 END
START -8556 19672 936 7502 -9633 15010 631 532 626 521 531 END
START -8360 19712 364 8491 -11948 17553 631 532 626 521 532 END
START -8576 20028 -96 8161 -16004 20062 631 532 626 521 533 END
START -7936 18500 -928 5809 -17004 21971 631 533 626 521 533 END
START -6808 15012 -2732 7466 -18020 23196 631 533 626 521 533 END
START -6044 13420 -3480 12911 -16210 23792 631 533 626 521 533 END
START -6392 14016 -4536 16475 -13342 24059 631 532 626 522 533 END
START -7108 15112 -4676 16228 -11893 24960 631 533 626 523 533 END
START -7076 15792 -5696 12997 -11245 27070 631 533 626 523 533 END
START -5524 13900 -7516 9002 -12670 29642 631 534 626 523 534 END
START -4444 11668 -8532 8180 -13830 31783 631 534 626 524 534 END
START -3604 10088 -9376 8107 -15229 32677 631 533 626 524 533 END
START -2392 8576 -10884 6714 -15007 32275 631 533 625 524 533 END
START -524 7260 -12952 4399 -15399 30514 631 533 625 524 533 END
START -764 4748 -16300 693 32236 26020 631 533 625 524 533 END
START 2316 1300 -17584 744 32767 25745 631 532 625 523 533 END
START 4444 1616 -18276 -3056 31021 26092 631 532 625 523 532 END
START 9404 460 -15428 -7767 25273 24706 631 532 625 523 532 END
START 11920 -864 -17020 -9994 7055 22546 631 531 625 522 531 END
START 14796 -3064 -17908 -9490 -3093 18852 631 529 624 521 529 END
START 16144 -3488 -17100 -5637 -16911 15429 631 526 624 520 526 END
START 16988 -1696 -12120 -3380 -13561 8780 631 525 624 520 525 END
START 17196 -152 -11728 -812 -19194 4047 630 526 624 520 526 END
START 14104 1756 -12408 82 -19526 828 630 526 624 521 527 END
START 12940 3284 -12908 -226 -12162 -1184 630 528 624 522 528 END
START 12728 4536 -11936 -253 -9030 -1762 630 528 623 523 528 END
START 12740 5400 -10804 -45 -3479 -2088 630 529 623 523 529 END
START 11564 6312 -11308 25 -4769 -2416 630 529 623 523 529 END
START 10240 7044 -11588 -563 -4857 -3043 630 529 623 524 529 END
START 10300 7340 -11508 -1175 -5710 -3574 630 529 623 524 528 END
START 10408 7772 -10876 -1815 -5645 -4064 630 529 623 524 529 END
START 10388 8248 -11528 -2337 -5475 -4042 630 529 623 524 529 END
START 10400 8328 -12168 -3507 -4791 -3504 630 528 623 524 528 END
START 10084 8024 -12552 -4928 -2707 -2957 629 528 622 524 528 END