START -6232 19836 -1672 2917 -6109 9882 633 507 627 496 507 END
START -6392 19604 -1632 3282 -6242 10448 633 508 627 495 506 END
START -7012 18840 -1892 5613 -6781 12337 633 507 627 493 507 END
START -6548 19060 -2484 8213 -7902 14228 633 502 627 492 502 END
START -6868 19032 -3032 9317 -8935 16458 633 500 627 492 499 END
START -7376 18552 -3280 9968 -12135 18860 633 498 627 492 498 END
START -6792 18116 -3864 10686 -14569 21533 633 498 627 493 498 END
START -6372 17324 -4368 9470 -15743 23398 633 499 627 493 499 END
START -6252 15988 -5500 10079 -16220 24778 633 500 627 492 500 END
START -6520 15904 -5856 10863 -15997 26177 633 500 627 492 499 END
START -6684 16036 -6408 10683 -14164 27905 633 502 627 494 502 END
START -6540 14592 -7744 10067 -12220 30069 633 505 627 495 505 END
START -5556 12376 -8780 11288 -12546 31015 633 507 627 497 506 END
START -4484 11284 -10172 13469 -10588 31376 633 508 627 499 508 END
START -3820 10476 -10668 14464 -11792 31605 633 508 627 500 508 END
START -3332 9784 -12204 13512 -10985 31628 633 507 627 503 507 END
START -3152 8448 -12728 11422 -11180 31738 633 507 627 504 507 END
START -2744 7096 -13412 8694 -9677 31788 633 507 627 505 507 END
START -2212 5692 -13764 6190 -10189 32079 632 506 627 507 507 END
START -1316 4280 -13992 3545 -9432 32390 632 508 626 508 508 END
START -724 2632 -14496 911 -7743 32358 632 508 627 509 509 END
START -196 1152 -15308 -1045 -8262 31727 632 509 627 509 509 END
START 1068 -200 -16120 -3960 -6502 29908 632 509 626 509 509 END
START 2336 -1308 -16908 -6242 -6399 27804 632 508 626 508 509 END
START 3156 -2496 -17684 -8059 -6627 25766 632 508 626 508 508 END
START 4944 -3172 -17832 -10017 -6697 22644 632 508 626 509 508 END
START 6396 -4300 -18912 -10740 -6094 18988 632 508 626 510 509 END
START 7876 -5096 -18912 -9655 -5417 14543 632 509 626 510 509 END
START 8044 -5740 -18948 -6806 -4590 10065 632 509 626 511 509 END
START 7900 -4676 -18216 -3914 -4253 5617 632 509 625 511 509 END
START 7764 -3456 -17456 -2346 -3237 2165 632 509 626 511 509 END
START 7916 -1924 -16984 -1415 -2894 -162 632 510 626 512 510 END
START 7888 -176 -16340 -772 -2529 -1840 631 510 626 512 510 END
START 8012 1144 -16200 -251 -1865 -2514 632 510 625 512 510 END
START 7924 2392 -16316 -145 -1261 -2821 632 510 625 512 510 END
START 7980 3336 -15968 -763 -937 -2906 632 510 625 512 510 END
START 7584 3888 -15984 -922 -160 -2678 632 510 625 512 510 END
START 7516 4656 -16048 -1070 -80 -2504 632 510 625 513 510 END
START 7436 4964 -15764 -1199 116 -2169 632 510 626 513 510 END
START 7432 4960 -15724 -1174 1036 -1638 632 510 625 513 510 END
START 7396 4920 -15808 -1076 1103 -1202 632 510 625 513 510 END
START 7540 4928 -16016 -1331 1732 -1387 632 511 625 513 510 END
START 7592 4560 -16044 -1252 2489 -1747 632 511 625 514 510 END
START 7320 4448 -16076 -1192 3163 -2365 632 511 625 514 511 END
START 6848 4132 -15940 -1054 3650 -3108 632 511 625 515 510 END
START 6700 3868 -16084 -891 3828 -3858 632 510 625 518 511 END
START 6904 3580 -16552 -156 4270 -4823 632 512 625 520 512 END
START 7340 3648 -16952 285 4886 -6131 632 514 624 522 514 END