START -3372 15228 -5796 1278 2393 -4254 631 523 630 541 523 END
START -3408 15264 -5528 1419 2312 -4178 631 524 630 541 523 END
START -3040 15456 -5324 1694 1872 -3707 631 524 630 541 524 END
START -3152 16116 -4824 1952 1685 -3023 632 524 630 541 525 END
START -3308 16892 -4036 1722 1439 -2329 631 525 630 541 525 END
START -3636 17556 -3372 1016 611 -1399 632 527 631 542 526 END
START -4160 17948 -3560 1076 -461 -342 632 528 631 542 527 END
START -5124 18952 -3344 1571 -1132 1317 632 529 630 542 529 END
START -6864 19928 -2444 2688 -1997 3837 632 531 631 542 530 END
START -6932 21104 -2780 3501 -3115 6361 632 532 631 543 532 END
START -7424 21464 -3276 4317 -4131 8825 632 532 631 543 531 END
START -8088 21936 -2628 4767 -4875 11457 632 532 631 543 532 END
START -8572 21736 -2320 5185 -6961 13907 632 533 631 544 534 END
START -8384 21280 -2300 5556 -8034 15906 633 534 631 545 534 END
START -8908 19716 -2096 6927 -9466 18065 633 535 631 544 535 END
START -7988 19080 -3212 8230 -10195 19669 633 534 631 544 535 END
START -8100 18300 -3040 9681 -10613 21307 633 535 631 545 535 END
START -8908 17816 -3292 9854 -11608 22549 633 535 631 545 535 END
START -9204 16192 -4004 9498 -13120 23878 632 535 631 545 535 END
START -9072 14664 -5164 10742 -15324 24875 633 535 631 545 535 END
START -9248 13132 -6260 13075 -16564 26133 633 535 631 545 535 END
START -8508 12220 -7892 14359 -16773 26960 632 535 631 545 535 END
START -8516 11856 -8888 15541 -17734 27561 632 535 631 545 535 END
START -8592 11564 -9940 13971 -17124 28305 632 534 631 545 534 END
START -8372 10232 -11192 11572 -16277 29130 632 534 630 544 534 END
START -7236 8396 -12216 10615 -14678 30163 632 532 630 544 532 END
START -6152 7544 -12844 10948 -14907 30923 632 531 630 543 531 END
START -5636 7816 -12944 10149 -10569 31672 632 531 630 544 531 END
START -4924 7796 -13192 7289 -8997 32767 632 531 630 543 531 END
START -3980 6356 -14076 4157 -8652 32767 632 531 630 543 531 END
START -3940 4104 -14688 3395 -7921 32767 632 531 630 543 530 END
START -3024 2616 -14796 4230 -8470 32767 632 531 629 543 530 END
START -2364 2568 -14888 3241 -7777 32767 632 530 629 543 530 END
START -1556 1776 -15268 137 -7145 32767 632 529 629 542 529 END
START -1000 1236 -15652 -3182 -5516 32767 632 528 629 541 528 END
START 488 532 -15832 -7441 -4037 32018 631 526 629 539 526 END
START 2540 -940 -16708 -9664 -4579 29254 631 524 628 538 524 END
START 4216 -2392 -17320 -9720 -5732 26119 631 523 628 538 523 END
START 3960 -3276 -17876 -8973 -5925 23504 631 523 628 538 523 END
START 4564 -3988 -18020 -8470 -6572 20213 631 523 628 538 523 END
START 6808 -5332 -18752 -7337 -8375 15901 631 522 628 538 522 END
START 7784 -5808 -18920 -4785 -6061 11722 631 522 628 538 522 END
START 7880 -5152 -18860 -2384 -6061 7748 631 521 627 538 521 END
START 8452 -4256 -18456 -910 -5666 4055 631 521 627 538 521 END
START 8188 -3304 -18368 110 -4454 1238 631 521 627 538 521 END
START 7724 -1980 -17932 669 -3877 -858 631 521 627 538 521 END
START 7424 -520 -17852 648 -3621 -2264 631 521 627 538 521 END
START 7472 748 -17784 587 -2687 -3240 631 521 627 538 521 END
START 7120 1792 -18020 526 -1777 -3805 631 521 627 538 521 END
START 6744 2764 -18400 293 -1308 -3981 631 521 627 537 522 END
START 6364 3504 -18920 -515 166 -3926 631 521 627 539 522 END
START 6184 3844 -18980 -1395 1118 -4046 631 522 627 539 522 END
START 6188 4016 -19076 -1918 2189 -4089 630 522 627 539 522 END
START 6372 4284 -18928 -2152 3154 -3884 630 522 627 539 522 END
START 6140 4180 -18720 -2922 4431 -3874 630 523 627 539 523 END
START 6008 4108 -18380 -3459 5476 -4065 631 524 627 539 524 END