START -2420 16680 -3088 5536 -1736 113 632 519 626 511 518 END
START -2484 16980 -3140 5550 -1942 97 632 519 626 510 519 END
START -2716 17312 -2904 5212 -1654 560 632 519 626 511 519 END
START -3512 17820 -2836 5169 -2101 1165 632 519 626 511 519 END
START -3972 18416 -2368 5108 -2645 2149 631 519 626 512 520 END
START -4536 19300 -2072 5275 -3241 3531 631 520 626 513 520 END
START -4040 19984 -2504 5301 -5362 5373 631 521 626 514 520 END
START -5188 20528 -1960 3988 -5589 7243 631 521 626 514 521 END
START -6104 21092 -1208 2750 -8215 9395 631 521 626 514 521 END
START -6552 20580 -1992 2357 -10241 11508 631 521 626 514 521 END
START -6260 19520 -2612 4199 -12647 13198 631 521 626 515 521 END
START -6316 19468 -2716 7589 -15333 15163 631 521 626 516 522 END
START -6464 19344 -2736 8209 -15504 17551 631 522 626 517 522 END
START -6240 20332 -3244 7201 -15972 19494 631 522 626 518 522 END
START -6304 18676 -4364 4526 -16390 21131 631 522 626 518 522 END
START -5696 16920 -4748 4799 -15163 22472 631 522 626 518 522 END
START -5336 15184 -6144 6871 -15192 24334 631 522 626 518 521 END
START -5084 14180 -6296 8871 -14895 25786 630 520 626 519 521 END
START -4712 13396 -6652 8988 -14751 26841 630 520 625 519 520 END
START -4812 11828 -7664 7583 -14463 27671 630 521 625 520 520 END
START -4312 10408 -8444 6323 -15225 27965 630 520 625 520 520 END
START -3676 8568 -9260 6499 -16540 27640 630 519 625 521 519 END
START -2640 7712 -9684 7864 -17542 27439 629 518 625 522 518 END
START -2384 6560 -11132 9236 -16585 27629 629 518 626 523 518 END
START -2080 6268 -12348 8662 -15734 27615 629 518 625 524 518 END
START -1348 5916 -13096 4591 -14379 27308 629 519 625 525 519 END
START 376 5356 -14276 -925 -14993 26355 629 522 625 528 522 END
START 1496 3196 -15700 -5653 -14643 25130 629 524 625 530 524 END
START 2424 980 -17376 -6068 -14880 23927 629 525 625 531 525 END
START 3552 -444 -17620 -4331 -13011 22453 629 526 625 532 526 END
START 4596 -884 -19152 -2811 -15056 20446 629 526 625 533 526 END
START 6036 -632 -19424 -2205 -10479 17630 629 525 624 533 525 END
START 7188 -544 -20440 -2541 -10045 14847 629 525 624 533 525 END
START 7832 -752 -20656 -3077 -8170 11753 629 525 624 533 525 END
START 7976 -1084 -20224 -2485 -6560 8986 629 525 624 534 525 END
START 7684 -460 -19768 -2006 -6439 6642 629 525 624 534 525 END
START 8088 32 -19244 -1996 -3351 4820 629 525 624 534 525 END
START 8384 520 -18584 -2517 -2289 3353 629 525 624 534 525 END
START 8040 580 -17660 -2783 -981 1834 629 525 624 534 525 END
START 7956 848 -16744 -2005 -788 413 628 525 624 534 525 END
START 7804 1692 -16124 -1217 -226 -960 628 525 624 534 525 END
START 7812 2656 -15704 -830 378 -2349 628 525 624 534 525 END
START 7524 3536 -14960 -479 598 -3262 628 525 624 534 525 END
START 7416 4488 -14664 -459 1048 -3731 628 525 624 534 525 END
START 7228 5276 -14392 -597 1567 -3889 628 526 624 534 526 END
START 7040 5612 -14156 -736 1805 -3865 629 526 624 534 526 END
START 6780 6172 -14472 -645 2187 -3860 628 526 625 535 526 END
START 6620 6864 -14836 -1106 2539 -3919 628 526 624 535 526 END
START 6744 7172 -15200 -1907 2757 -4083 628 526 624 535 526 END
START 6580 7140 -15856 -2480 3192 -4179 628 526 624 535 526 END
START 6740 7740 -15892 -3372 3341 -4274 628 526 624 535 526 END
START 6444 7968 -16340 -4834 4120 -4404 628 526 624 535 526 END