START -6112 18452 -124 3413 426 1070 632 543 627 540 542 END
START -6220 18496 152 3420 207 1429 632 543 627 540 543 END
START -6432 18872 256 3381 -551 2669 632 543 627 540 543 END
START -6688 19092 772 3557 -1550 4147 632 543 627 539 542 END
START -7164 19348 1216 4194 -2387 5668 632 542 627 540 543 END
START -7752 19564 1392 5430 -3754 7387 632 543 627 540 542 END
START -8396 20032 1948 6735 -6488 9437 632 543 627 540 542 END
START -8672 19792 1456 7074 -6897 11065 632 542 627 540 542 END
START -8352 19496 1004 7805 -8132 12780 631 541 626 539 541 END
START -8580 18728 372 9131 -9117 14295 631 541 627 539 541 END
START -8568 18464 -84 10980 -10800 15951 632 541 627 540 541 END
START -8728 17924 -972 13111 -14460 17784 632 541 627 540 541 END
START -8232 17212 -1560 13071 -13664 19317 632 541 627 540 541 END
START -8536 16360 -2348 13574 -15056 20667 631 541 627 540 541 END
START -8464 15416 -3304 13338 -15985 21822 631 541 627 540 541 END
START -7976 13680 -4772 14646 -17834 22978 631 541 627 540 541 END
START -7300 13076 -5800 15803 -16871 23652 631 541 627 540 541 END
START -6960 12564 -7072 15466 -15728 24405 631 541 627 541 541 END
START -5836 12572 -8228 13742 -14337 25080 631 541 627 541 541 END
START -5512 11468 -9396 11528 -13816 25490 631 541 627 540 541 END
START -4428 9956 -9624 11014 -14402 26218 631 541 627 541 541 END
START -3816 8904 -10348 11454 -12662 27680 631 541 627 541 541 END
START -2776 7880 -11380 10818 -12456 28836 631 541 627 542 541 END
START -1928 6892 -12244 8945 -11426 29223 631 541 627 542 541 END
START -652 6348 -13736 5249 -11776 28439 631 541 627 543 541 END
START 600 5164 -14676 2148 -12606 26766 631 541 627 544 541 END
START 900 3340 -15624 1548 -13273 25375 631 542 627 544 541 END
START 1632 2092 -15876 3033 -12616 24537 631 541 627 545 542 END
START 2748 1924 -16368 3599 -11244 23126 631 542 627 545 541 END
START 3928 2212 -17512 2658 -9771 21216 631 541 627 544 541 END
START 4840 1960 -17936 1121 -8747 19106 631 541 627 544 541 END
START 5176 1120 -18580 296 -7858 17193 631 541 627 544 541 END
START 5924 836 -18164 286 -6736 15511 631 541 627 544 541 END
START 6672 856 -18468 -260 -5793 13497 631 541 626 544 541 END
START 7080 1152 -18640 -1026 -5254 11308 631 541 626 544 541 END
START 7396 1180 -18384 -1335 -3197 8788 631 541 626 544 541 END
START 7864 1080 -18324 -1085 -2287 6450 631 541 626 544 541 END
START 8292 1932 -18164 -823 -1358 4023 631 540 626 543 540 END
START 8108 2684 -17480 -1066 -876 1547 631 540 626 543 541 END
START 7624 3004 -16632 -1259 -30 -252 631 541 626 543 541 END
START 7016 3648 -15976 -1088 219 -1250 631 541 626 544 541 END
START 6508 4092 -15428 -1067 505 -1492 631 541 626 543 541 END
START 6516 4904 -14768 -1025 932 -1782 630 541 626 544 541 END
START 6668 5496 -14620 -768 1016 -2216 631 540 626 543 540 END
START 6556 6064 -14372 -603 1238 -2398 631 540 626 543 540 END
START 6452 6320 -14360 -168 1549 -2350 631 540 626 543 540 END
START 6308 6524 -14656 72 1965 -2241 631 539 626 543 540 END
START 6144 6484 -15096 69 2168 -2049 631 540 626 543 540 END
START 6072 6220 -15488 -50 2660 -1871 631 540 626 543 540 END
START 5956 6040 -16172 -197 3268 -2064 631 539 626 543 539 END
START 6056 6260 -16596 -752 3908 -2525 630 538 626 542 538 END
START 6020 6544 -16540 -2318 4670 -3005 630 537 626 542 537 END
START 6072 6540 -16504 -3778 5286 -3247 630 538 626 542 538 END
START 6180 6996 -16140 -5196 5939 -3767 630 538 626 542 538 END