START -7836 16344 -4840 469 -314 1148 630 538 628 546 538 END
START -7768 16648 -4640 562 -306 1640 630 538 628 546 538 END
START -7480 17448 -4036 593 -610 3310 630 538 628 546 538 END
START -7816 17664 -2992 1024 -1179 5294 629 538 628 546 538 END
START -8416 17752 -2156 2115 -1931 6485 630 538 628 546 539 END
START -8812 18224 -1628 2561 -2121 7352 630 538 628 547 538 END
START -9636 19004 -1368 2631 -2497 8928 630 538 628 547 538 END
START -10656 19672 -1376 2237 -3557 11079 630 538 628 547 538 END
START -11160 19608 -1284 3353 -5055 14010 630 538 628 547 538 END
START -11480 18996 -1136 5297 -6928 17027 630 538 628 548 538 END
START -11628 17760 -1476 7098 -8017 19345 630 538 628 548 538 END
START -11476 16780 -1876 9129 -8435 20798 630 538 628 549 538 END
START -11712 15488 -2700 11421 -10144 21551 630 539 628 549 539 END
START -10984 15000 -3172 12720 -10148 22166 630 539 628 549 539 END
START -11096 14500 -4060 13791 -14285 22601 630 539 628 549 539 END
START -9540 13488 -4232 14477 -13537 24245 630 539 628 549 539 END
START -9460 12728 -4148 13824 -13018 26166 630 538 628 549 539 END
START -9404 12660 -4740 12887 -13457 28195 630 539 628 549 539 END
START -8904 11172 -6224 10312 -12296 29530 630 539 628 550 539 END
START -7692 8848 -7760 10510 -13166 29173 630 540 628 551 540 END
START -5832 7676 -9064 12569 -12889 27911 630 540 628 552 540 END
START -5540 7760 -10092 14528 -11920 27503 630 540 628 552 540 END
START -4548 8548 -10736 14069 -11721 27977 630 540 627 552 540 END
START -4460 8500 -11900 10826 -9959 28506 630 540 627 552 540 END
START -3844 6932 -13056 7982 -10952 28873 630 540 627 553 540 END
START -2632 5168 -14020 6083 -11217 29084 630 540 627 552 539 END
START -1152 4340 -15320 5689 -11160 28607 630 539 627 553 539 END
START 8 3840 -15680 4256 -10284 27309 630 539 627 552 539 END
START 1120 3384 -15684 2407 -9075 25658 629 539 626 552 539 END
START 2328 2396 -16512 1358 -9004 23842 629 539 626 552 539 END
START 3280 1312 -16884 910 -7047 21772 630 539 626 552 539 END
START 4720 1076 -16968 1040 -8008 19449 630 539 626 552 539 END
START 5272 720 -17484 838 -8129 16413 630 539 625 552 539 END
START 5852 336 -17624 485 -5629 13387 629 538 625 552 539 END
START 6088 -8 -18068 583 -7451 10862 629 539 625 552 539 END
START 6812 80 -18316 935 -4817 8500 629 539 625 552 539 END
START 6892 176 -18284 481 -4179 6189 629 539 625 552 539 END
START 6912 148 -18324 94 -3943 4209 629 538 624 551 538 END
START 6660 680 -18592 -700 -2883 2377 628 538 624 551 538 END
START 6772 1344 -18328 -1765 -2025 814 629 538 624 551 538 END
START 6668 1932 -18412 -3242 -1166 -466 629 538 623 551 538 END
START 6468 2556 -18568 -4717 -662 -1392 628 538 623 551 538 END
START 6496 3680 -18588 -6746 680 -2098 629 538 624 551 538 END
START 6700 4184 -18604 -8494 1167 -2576 629 538 623 551 538 END
START 6676 4480 -18356 -9928 2591 -2849 629 538 623 551 538 END
START 6280 5152 -17900 -11385 3997 -3104 628 538 623 551 538 END