START -5816 15068 -5112 1142 702 -769 632 531 627 527 531 END
START -5764 15000 -5136 1220 780 -772 633 531 627 527 531 END
START -5604 14820 -5128 1621 908 -856 633 531 627 527 531 END
START -5400 14964 -4976 1764 1057 -1013 633 531 627 527 531 END
START -5432 15244 -5088 1391 1074 -810 633 531 628 527 531 END
START -5236 15676 -4632 1172 954 -616 633 531 628 526 531 END
START -5272 15876 -4376 1043 723 -343 633 531 628 527 531 END
START -5340 16316 -3940 1030 339 141 634 531 628 527 531 END
START -5532 16732 -3376 1171 209 714 633 531 628 527 531 END
START -6068 17536 -2220 876 -251 1447 634 531 628 527 531 END
START -6576 18072 -1832 789 -1013 2452 633 531 628 527 532 END
START -7120 18312 -1328 1329 -1772 3561 634 532 628 528 532 END
START -7008 18320 -1600 2813 -2663 4858 634 532 629 527 532 END
START -6788 18124 -1864 4993 -3355 6095 634 532 629 528 532 END
START -6900 18276 -2460 7086 -3670 7344 634 532 629 528 532 END
START -6916 18840 -2732 7926 -3995 8685 634 533 629 528 532 END
START -7272 19124 -2936 7363 -4093 10172 634 533 629 527 533 END
START -7532 18872 -2916 6788 -5216 11931 634 533 629 528 533 END
START -8032 18948 -3092 6471 -5967 13792 634 533 629 527 533 END
START -8424 18948 -3144 7029 -7636 15845 634 533 629 528 533 END
START -8144 18372 -3168 7325 -8856 18063 634 533 629 528 533 END
START -8224 17216 -4144 8621 -9640 20470 634 533 629 527 533 END
START -7916 15940 -4632 9360 -10543 21799 634 533 629 528 533 END
START -7840 15756 -5496 10996 -10185 22844 633 533 629 527 533 END
START -7932 15912 -5264 11634 -10809 24013 633 533 629 528 533 END
START -7736 15020 -5792 10924 -11535 24926 633 533 629 528 532 END
START -7412 13972 -6424 10484 -13313 25955 632 532 629 528 532 END
START -6380 12768 -7260 10334 -14517 27117 632 532 629 527 532 END
START -5340 11720 -8364 11273 -14880 28218 631 531 629 526 531 END
START -4620 11160 -8564 12721 -15461 29060 630 531 629 525 531 END
START -4432 10708 -9020 11798 -15577 29427 630 531 629 525 531 END
START -4100 9700 -9208 9999 -13387 29911 630 531 629 524 531 END
START -3904 8936 -10404 7882 -11827 31058 630 531 629 524 531 END
START -2780 7048 -11440 6115 -10198 31352 630 530 628 523 530 END
START -1504 5896 -12776 6301 -9903 30911 630 529 628 521 529 END
START -112 5100 -13712 6781 -10061 29485 630 527 628 520 527 END
START 580 4444 -14080 6599 -9471 28439 630 524 628 519 524 END
START 612 3908 -14952 5734 -8986 27743 630 522 628 518 522 END
START 1272 3032 -14900 3353 -8036 26905 630 521 628 518 522 END
START 2268 2036 -15232 1209 -7902 25398 630 521 628 518 521 END
START 3404 428 -16212 391 -6825 23213 630 521 628 518 521 END
START 4384 -132 -16928 86 -7371 20931 630 520 628 517 520 END
START 5020 -816 -17288 -742 -6908 18832 630 519 627 518 519 END
START 5760 -964 -17432 -2075 -5955 16140 630 517 627 517 517 END
START 6164 -1740 -17416 -3607 -5307 12835 630 516 627 518 516 END
START 6232 -2608 -17572 -3488 -4018 10221 630 516 627 518 517 END
START 7152 -2076 -17780 -1857 -5061 8112 630 516 627 517 516 END
START 7696 -1204 -17024 -946 -3810 5750 630 517 627 518 516 END
START 7940 -584 -17148 -745 -2790 3317 630 516 627 518 516 END
START 7500 224 -16656 -622 -2395 1350 630 515 627 518 517 END
START 7216 1244 -16048 -1085 -2277 152 630 516 627 518 516 END
START 7104 1736 -15624 -1749 -2551 -319 630 516 627 518 516 END
START 7324 2384 -15592 -1940 -233 -759 630 517 627 518 516 END
START 7384 3120 -15508 -1890 -1780 -1162 630 516 626 518 516 END
START 7684 3904 -15280 -1688 -550 -1637 630 516 626 518 516 END
START 7312 4664 -15048 -1318 -851 -1761 630 516 627 518 517 END
START 6720 5416 -14836 -1110 -221 -1590 630 516 626 519 516 END
START 6320 5516 -14908 -1199 4 -1180 630 517 626 519 516 END
START 6684 5860 -15228 -958 -132 -787 630 517 626 519 516 END
START 6808 5968 -15648 -986 416 -421 631 516 626 519 516 END
START 6612 5912 -15724 -1604 939 -212 630 516 626 519 516 END
START 6240 5720 -16116 -1874 1683 -341 630 517 626 519 516 END
START 6432 5592 -16524 -1932 1640 -513 630 516 626 519 516 END
START 6452 5764 -16636 -2418 2414 -649 630 516 625 519 516 END
START 6152 5396 -17168 -3185 3733 -684 630 516 625 519 516 END
START 5948 5272 -17608 -4143 4709 -944 630 517 625 519 516 END
START 5980 4776 -17804 -4916 5609 -1561 630 517 625 520 517 END