START -5432 17072 -3212 521 -2979 3846 632 519 629 527 519 END
START -5608 17176 -3212 1281 -3023 4142 632 519 629 527 519 END
START -6452 17912 -2720 3528 -3108 5146 632 518 629 527 518 END
START -7380 18792 -2680 5119 -3686 6393 632 518 629 527 518 END
START -7432 19288 -2756 6169 -4063 8495 632 518 629 527 518 END
START -7560 18992 -3088 7199 -4856 11101 632 519 628 527 519 END
START -7972 18588 -2516 8990 -6271 13103 631 519 629 527 519 END
START -8136 18728 -2284 10324 -7098 14615 632 519 629 528 519 END
START -8444 18744 -2116 10857 -8117 16743 632 520 629 527 520 END
START -8600 18072 -2056 10287 -10018 18872 632 521 629 528 520 END
START -8368 16196 -3084 11762 -12855 20767 632 521 629 528 521 END
START -8628 14828 -4036 14285 -15848 22344 632 522 629 528 521 END
START -7668 14924 -4700 14997 -15744 23674 632 521 629 528 521 END
START -7772 14248 -5344 13312 -15314 24953 632 521 628 528 522 END
START -7424 12864 -6680 12025 -14799 26201 632 521 629 528 521 END
START -7092 12132 -7880 10291 -12979 27636 632 521 629 529 521 END
START -7004 11380 -9316 8439 -13062 28381 632 521 628 529 521 END
START -6144 10420 -10288 5829 -11101 29312 632 521 628 530 521 END
START -5616 9288 -11640 3602 -13134 29547 632 521 628 530 521 END
START -5436 7316 -12436 2071 -12150 29019 632 521 628 530 521 END
START -6136 5208 -12624 1565 -13066 28328 631 521 628 529 521 END
START -5948 4312 -13180 1503 -12870 27846 631 520 628 530 520 END
START -3728 3448 -14240 -776 -14574 27375 630 520 628 531 520 END
START -1164 1916 -16296 -2388 -12763 25937 630 519 628 530 520 END
START 1584 1604 -17240 -2895 -12795 23621 630 519 628 529 519 END
START 4128 2184 -17204 -3073 -12447 21027 630 519 628 529 519 END
START 5680 2088 -17380 -2752 -8981 18606 630 519 628 528 519 END
START 5860 1940 -17384 -1409 -10789 16495 630 518 628 528 518 END
START 6568 2312 -17380 -997 -7530 13318 630 517 628 527 517 END
START 6828 2024 -17344 -790 -7826 10696 630 516 628 526 516 END
START 6872 2292 -17512 -251 -7389 8678 630 515 628 526 515 END
START 7096 2852 -16992 84 -7317 7170 630 515 627 526 515 END
START 7048 3432 -17164 141 -5821 5686 630 515 628 526 515 END
START 7140 3876 -17264 976 -5881 4545 630 515 627 526 515 END
START 7556 4424 -17596 1493 -4109 3180 630 515 628 526 515 END
START 7312 5200 -17416 1561 -4763 1603 630 515 627 526 515 END
START 6756 5480 -16936 1500 -2786 249 630 515 627 526 515 END
START 6424 5708 -16852 1416 -2879 -119 630 515 627 526 515 END
START 5968 6412 -16112 836 -1939 -88 630 515 627 526 515 END
START 5736 6736 -15684 -195 -1146 105 630 515 627 526 515 END
START 5848 6816 -15416 -1243 -775 257 630 515 628 526 515 END
START 5900 7008 -15072 -1880 -461 222 630 515 627 526 515 END
START 5892 7068 -15064 -2159 -103 94 630 515 626 526 515 END
START 5776 7020 -14740 -2455 299 -291 630 515 627 526 515 END
START 5648 7284 -14352 -2607 295 -749 630 515 627 526 515 END
START 5780 7360 -14404 -2143 475 -923 630 515 626 525 515 END
START 5788 7588 -14528 -1413 916 -933 630 514 627 526 515 END
START 5432 7816 -14916 -1032 1444 -1243 630 515 627 527 515 END
START 5708 7688 -15280 -561 1428 -1861 630 515 627 527 515 END
START 5428 7644 -15728 63 1553 -2392 630 514 627 527 515 END
START 5044 8136 -15972 720 2110 -2584 630 515 626 527 515 END
START 4768 8604 -16100 959 2854 -2366 630 515 627 527 515 END
START 4644 8728 -16512 598 3495 -2253 630 515 627 527 515 END
START 5008 8764 -16864 312 4113 -2212 630 515 627 527 515 END
START 5148 8564 -17000 -27 4707 -2194 630 515 627 528 515 END
START 5172 8412 -16716 -481 5783 -2303 630 515 627 528 515 END
START 5436 8232 -16524 -865 6689 -2560 630 515 627 528 515 END
START 5512 7668 -16524 -985 6947 -2977 630 515 627 528 515 END