START -5384 17240 -4268 -599 1105 -1845 631 540 629 550 540 END
START -5248 16936 -4080 -396 1005 -1632 632 539 629 550 540 END
START -4928 16560 -4068 164 842 -1048 631 540 629 550 539 END
START -4764 16132 -4232 811 980 -797 632 539 629 550 540 END
START -4676 15796 -4372 1564 1118 -957 632 539 629 550 539 END
START -4676 15668 -4348 1413 1090 -1240 632 539 629 551 539 END
START -4508 15612 -4528 866 1274 -1361 632 539 629 551 539 END
START -4472 15572 -4228 400 1122 -1253 632 539 629 550 539 END
START -4292 15652 -4020 313 750 -709 632 539 629 551 539 END
START -4036 15688 -4124 892 255 -332 632 539 629 551 539 END
START -3640 16020 -3580 1486 445 -292 632 539 630 551 539 END
START -3296 16660 -3076 1734 457 -83 632 539 630 551 539 END
START -3240 17944 -2412 1478 556 596 632 540 630 551 540 END
START -3744 18856 -1548 1015 522 1751 632 541 630 551 541 END
START -4576 19044 -276 1729 -402 3262 633 541 630 552 542 END
START -5464 19640 584 3403 -1340 5280 633 543 630 551 543 END
START -6676 20084 512 5365 -2584 7946 633 545 630 553 545 END
START -7052 20440 60 7902 -3820 10710 633 547 630 553 547 END
START -6976 21020 -724 10148 -5220 13128 633 548 630 553 548 END
START -7104 21048 -1252 11070 -5800 15007 633 549 630 553 549 END
START -7488 20992 -1508 10866 -6795 16493 633 550 631 553 551 END
START -7792 20532 -1708 9020 -8134 18244 633 552 630 553 552 END
START -8292 19216 -2272 8171 -8522 20263 633 552 630 552 552 END
START -8592 18388 -2620 9022 -12144 22631 633 552 631 552 553 END
START -7764 17548 -2780 10699 -13452 25266 633 553 630 552 553 END
START -7660 16424 -4192 11987 -14718 26890 633 553 630 551 553 END
START -8156 14832 -5656 13774 -16455 27964 633 552 630 550 552 END
START -7316 14576 -6540 15780 -15983 28983 633 550 630 549 550 END
START -6656 14040 -7784 14491 -14874 30408 633 549 630 547 548 END
START -6648 12620 -8236 12124 -14307 31836 633 546 630 545 546 END
START -6228 10236 -9132 10630 -14336 32618 633 540 630 541 540 END
START -5640 8616 -9948 11477 -14765 32566 632 533 630 536 533 END
START -4564 7760 -11000 12193 -12715 32767 632 527 630 530 527 END
START -3828 6628 -11684 10932 -11934 32767 632 521 630 526 521 END
START -2820 5652 -12536 8661 -10392 32767 632 516 630 523 516 END
START -2048 3960 -13564 6281 -10367 32767 632 514 630 522 514 END
START -956 2616 -14132 5160 -10487 31699 632 511 629 521 511 END
START 544 1156 -15036 4457 -9911 30368 632 508 629 520 508 END
START 1924 772 -15644 3459 -9883 28444 632 507 629 519 507 END
START 2232 -348 -15952 2006 -7825 26810 632 507 629 519 507 END
START 2552 -576 -16136 630 -6793 25706 632 506 629 519 506 END
START 2856 -1220 -15856 -1801 -5892 24713 632 506 629 519 506 END
START 3752 -2212 -16600 -4204 -4429 22933 632 505 629 518 506 END
START 5260 -3068 -17384 -4935 -4830 20709 632 505 628 518 505 END
START 6664 -3268 -17496 -4830 -5741 17344 632 505 627 518 504 END
START 7748 -3804 -17984 -3985 -4465 13465 632 505 628 519 505 END
START 8528 -3856 -17868 -1785 -5633 9899 632 505 628 519 505 END
START 8064 -3152 -17684 202 -5690 6727 632 506 628 519 506 END
START 7448 -2556 -17704 457 -3752 4460 632 506 628 520 506 END
START 7164 -1720 -17932 -322 -3131 2885 632 506 627 521 506 END
START 7000 -1152 -17500 -1310 -2630 1731 632 506 627 521 506 END
START 7664 -288 -17492 -1856 -2710 992 632 506 628 521 506 END
START 8004 180 -17620 -1751 -2170 96 632 507 628 522 507 END
START 7732 1188 -17084 -885 -979 -672 632 507 628 522 507 END
START 7188 1932 -16980 -97 -1149 -1235 632 507 627 523 507 END
START 6640 2752 -16484 304 -227 -1371 632 508 628 523 508 END
START 6540 3536 -16428 -321 23 -1241 632 508 628 523 508 END
START 7092 3388 -16716 -926 423 -925 632 508 627 523 508 END
START 7136 3104 -17056 -1402 1605 -882 632 508 627 523 508 END
START 6588 3092 -17520 -1720 2215 -1102 632 508 627 523 508 END
START 6072 3436 -17400 -2189 3145 -1115 632 508 627 523 508 END
START 5972 3260 -17756 -2866 3799 -1430 632 508 627 522 507 END
START 6496 2836 -18448 -3107 4625 -1969 631 504 627 517 504 END
START 6732 2848 -18784 -3176 5782 -2725 631 499 627 512 498 END
START 7012 2808 -18920 -3279 6330 -3359 629 494 627 509 494 END