START -6764 16984 -4700 -151 168 -1080 633 530 629 534 530 END
START -6716 17184 -4300 -139 62 -799 633 530 629 533 530 END
START -6484 17100 -4212 222 -544 202 633 529 629 533 530 END
START -6576 17284 -3804 939 -1056 1318 633 530 629 533 530 END
START -6700 17808 -3144 839 -1754 2568 633 530 629 534 530 END
START -6836 17720 -2684 1327 -2396 3850 633 530 629 534 530 END
START -6796 18228 -2412 2601 -3111 5385 633 530 629 534 530 END
START -7360 18036 -2596 4484 -4144 7271 633 530 629 534 530 END
START -7884 18404 -2536 6010 -4145 9000 633 530 629 534 530 END
START -8296 19140 -1816 5906 -4813 11019 633 530 629 534 530 END
START -8904 19232 -1668 6350 -5417 13247 633 530 629 534 531 END
START -9212 18360 -1696 7668 -6540 15779 633 530 629 534 531 END
START -9328 18252 -1824 8807 -7801 17503 633 531 629 533 531 END
START -9396 17920 -2184 9135 -9338 18913 633 531 629 534 531 END
START -10004 16972 -3320 9801 -11131 19584 633 531 630 534 531 END
START -9024 16260 -3788 12801 -12053 20717 633 531 629 534 531 END
START -9776 16604 -4120 14949 -13029 22145 633 531 629 533 531 END
START -9020 16324 -5924 14810 -13723 24033 633 530 629 533 530 END
START -9324 15292 -6316 14049 -13622 25442 633 530 629 534 530 END
START -9288 13744 -7332 13577 -12830 26008 633 530 629 534 531 END
START -8444 12448 -8116 14062 -13653 27146 633 530 630 533 530 END
START -7600 11816 -9064 14390 -11497 28331 633 531 629 533 530 END
START -6728 11556 -9916 12565 -11367 29521 632 528 629 532 528 END
START -6516 10464 -10708 10044 -10005 30732 633 527 629 532 527 END
START -6232 9812 -11068 7618 -9575 31821 633 526 629 532 526 END
START -5448 8448 -11264 5542 -10177 32767 633 526 629 532 526 END
START -4348 6764 -11752 4049 -9328 32767 633 526 629 532 526 END
START -2992 4820 -12268 2916 -9498 32767 633 526 629 531 526 END
START -1968 3868 -13452 1376 -11028 32767 633 526 629 532 526 END
START -544 1616 -14636 -1368 -9718 32767 633 525 629 532 525 END
START 1628 944 -16308 -4895 -9871 31544 632 525 629 532 525 END
START 3188 -756 -17384 -6636 -9326 27184 632 524 629 531 524 END
START 4060 -1764 -17632 -5178 -8615 22987 633 522 629 530 522 END
START 4804 -1540 -17460 -3797 -9183 19376 632 521 628 530 520 END
START 5868 -1404 -17304 -2716 -7814 15963 632 520 628 529 520 END
START 6344 -1548 -18236 -1137 -7400 13379 632 519 628 529 519 END
START 7296 128 -17464 -418 -8084 10636 632 519 628 530 520 END
START 7888 348 -17152 -1826 -4417 7174 632 520 628 530 520 END
START 7796 -20 -17284 -1396 -3209 4593 632 519 628 530 520 END
START 7592 1056 -17192 272 -4280 2635 633 519 628 530 520 END
START 7644 1964 -16892 -173 -3707 461 632 520 628 530 520 END
START 7036 3056 -16568 299 -2826 -930 632 520 628 530 520 END
START 6720 4368 -16016 613 -2621 -1503 632 520 628 530 520 END
START 6708 5356 -15976 92 -1973 -1597 632 520 628 530 520 END
START 7044 6188 -15600 -782 -1960 -1411 632 520 628 530 520 END
START 6808 6592 -15484 -1401 -977 -751 632 520 628 530 520 END
START 6620 6832 -15168 -2039 198 -185 632 521 628 530 521 END
START 6332 6680 -15324 -2138 -711 232 632 521 628 530 521 END
START 6444 6520 -15160 -1900 -615 395 632 521 628 530 521 END
START 6524 6608 -14928 -1418 -188 479 632 521 627 530 521 END
START 6424 6304 -14736 -989 887 661 632 521 628 530 521 END
START 6408 6120 -15084 -711 868 684 632 521 628 530 520 END
START 6324 5856 -15300 -489 841 388 632 520 627 530 520 END
START 5984 5800 -15800 -712 1448 85 632 520 627 530 520 END
START 6176 5748 -16008 -1066 1838 -382 632 519 627 530 519 END
START 5972 5592 -16532 -1228 2749 -970 632 518 627 530 518 END
START 5984 5472 -17160 -1183 3343 -1836 632 518 627 530 517 END
START 5928 5440 -17372 -1141 4086 -3105 632 517 627 530 517 END
START 6144 6092 -17668 -1254 4560 -3913 632 517 628 530 517 END
START 6384 6300 -17832 -2084 6161 -4548 632 517 627 530 518 END
START 6196 5816 -17828 -2826 7415 -4859 632 518 627 531 518 END
START 6208 5380 -17956 -2848 8516 -5284 632 518 627 531 518 END