START -5736 16420 -5260 -166 1064 174 632 537 628 548 537 END
START -5888 16440 -5044 -322 920 340 633 537 628 548 537 END
START -5948 16904 -4284 -350 678 842 633 537 629 548 537 END
START -5784 17680 -3116 -520 -41 1799 633 537 628 548 537 END
START -5868 18180 -2380 -273 -948 3157 633 537 628 548 537 END
START -5916 18176 -1444 763 -2040 4623 633 537 628 548 537 END
START -6404 18504 -960 2189 -3189 6021 633 537 629 548 537 END
START -6868 18776 -700 3118 -4399 7455 633 537 628 548 537 END
START -7112 18460 -892 3991 -5384 8682 633 538 628 548 537 END
START -7396 18184 -1584 4911 -6014 9687 633 538 629 548 537 END
START -7368 18180 -2212 6580 -6542 11003 633 537 628 548 538 END
START -7804 18072 -2304 8356 -7525 12524 633 537 628 548 538 END
START -8284 18044 -3356 9699 -8189 13931 633 538 629 548 538 END
START -8444 17424 -4780 11038 -8399 15775 633 538 629 548 538 END
START -8732 17752 -5324 11012 -9117 17326 633 538 628 548 538 END
START -8208 17732 -6172 10939 -9048 19165 633 537 628 548 538 END
START -7992 16936 -6716 10553 -9870 20667 633 537 628 548 538 END
START -8836 16816 -7252 10634 -11605 21942 633 537 629 548 538 END
START -8108 15104 -7404 11619 -11874 23717 633 538 629 548 538 END
START -7976 14996 -7692 12155 -12504 25476 633 538 628 549 538 END
START -7716 13860 -8860 13142 -13525 27238 633 538 628 548 538 END
START -7352 13520 -9800 15051 -14615 28561 633 538 628 548 538 END
START -6448 13296 -9920 14426 -12634 29133 633 538 628 549 538 END
START -6064 11908 -10768 13040 -10033 30184 633 538 628 549 538 END
START -4804 10972 -10880 11393 -9564 31314 633 538 628 549 538 END
START -4340 9104 -11328 9125 -8519 32710 633 538 628 549 538 END
START -4048 7280 -11260 7664 -7135 32767 633 538 628 549 538 END
START -3068 5904 -11316 6714 -7312 31823 633 537 628 549 537 END
START -2100 4576 -11824 6415 -6987 30712 633 536 627 549 536 END
START -576 3928 -12148 6825 -7363 29547 633 536 627 548 536 END
START 632 2812 -12484 6256 -6656 28425 633 535 627 548 535 END
START 1068 2308 -12792 5068 -6249 27671 633 534 627 547 534 END
START 712 512 -12772 3613 -5200 27590 633 533 627 547 533 END
START 860 -1364 -13068 2479 -5724 27374 632 531 626 546 531 END
START 2332 -2532 -14112 871 -6058 25161 632 529 626 545 529 END
START 3316 -3472 -15820 -1885 -7680 21802 632 528 626 544 528 END
START 5008 -4552 -17640 -4163 -5771 16651 632 528 626 544 528 END
START 6272 -5100 -18540 -3625 -7588 12160 632 528 625 544 528 END
START 8016 -3900 -18560 -3029 -9224 8703 632 528 625 544 527 END
START 9244 -2184 -19028 -2558 -5269 6286 632 528 625 544 528 END
START 8848 -1064 -18708 -1761 -2536 5293 632 528 625 544 528 END
START 8456 368 -17948 -1578 -2110 4388 632 528 625 545 528 END
START 7880 1068 -17684 -2203 -1760 3379 632 529 625 545 529 END
START 7940 1808 -17196 -2314 -1541 2656 632 529 625 545 529 END
START 7820 1852 -17112 -1944 -1711 1935 632 529 625 545 530 END
START 7200 2452 -16808 -1409 -1381 1367 632 530 625 545 530 END
START 7512 3004 -16252 -1398 -612 986 632 529 625 545 530 END
START 7624 3204 -16316 -1246 -417 700 632 530 625 545 530 END
START 7728 3584 -15968 -817 303 459 632 529 625 545 530 END
START 7512 3764 -15700 -403 287 378 632 530 625 545 530 END
START 7304 3824 -15788 -130 428 182 632 530 625 545 530 END
START 6932 4036 -15452 -538 726 12 632 530 625 545 530 END
START 6924 4124 -15312 -929 690 264 632 530 625 545 530 END
START 7040 3988 -15644 -1255 1170 408 632 530 625 545 530 END
START 7040 3684 -15896 -1478 1468 70 632 530 625 545 530 END
START 6820 3544 -15968 -1306 1812 -252 632 530 625 545 530 END
START 6516 3720 -16044 -1465 2365 -668 632 530 625 545 530 END
START 6300 3712 -16272 -2103 2978 -1258 632 530 625 545 530 END
START 6000 3224 -16720 -2884 3609 -2073 632 530 624 545 530 END
START 5660 2332 -17500 -2876 4570 -3428 632 530 624 545 530 END
START 5048 1280 -18284 -1981 4995 -5321 632 530 624 545 529 END