START -7952 15448 -5876 578 159 126 632 543 628 548 543 END
START -7884 15472 -5676 579 108 99 632 543 628 548 543 END
START -7956 16092 -5700 958 37 411 632 543 628 548 543 END
START -8032 16976 -5132 1455 108 1122 632 543 628 548 543 END
START -7852 17780 -4796 1592 -268 2504 632 543 628 548 543 END
START -8260 18280 -3728 1791 -1008 4443 632 544 628 549 544 END
START -8080 18316 -2988 2705 -2115 6402 632 544 628 549 543 END
START -8804 18208 -2352 3185 -3081 8245 632 544 628 549 544 END
START -8708 18188 -1888 3709 -3613 10141 632 544 628 550 544 END
START -8744 17376 -1532 4973 -4680 12099 632 544 628 550 544 END
START -9000 16828 -1568 7461 -5570 14101 632 544 629 550 544 END
START -9636 16632 -916 8509 -5473 15608 632 543 628 550 544 END
START -9744 16360 -1628 10244 -6734 17810 633 544 629 551 544 END
START -9592 16260 -2304 10153 -7486 19375 632 544 628 551 544 END
START -9828 15632 -2944 9453 -8321 20455 632 544 629 550 544 END
START -9880 15428 -3660 9196 -9316 21343 632 544 629 551 544 END
START -10160 15876 -4188 9142 -11268 22332 632 544 629 551 544 END
START -9296 14388 -5228 10042 -11804 24229 632 544 629 551 544 END
START -8864 14408 -6128 10880 -13258 25345 632 544 629 551 544 END
START -8340 13976 -6608 9624 -13298 25833 632 544 629 551 544 END
START -8892 13488 -8100 9433 -14920 26307 632 544 629 551 544 END
START -8396 12308 -9056 8543 -14684 26320 632 543 629 550 543 END
START -7224 12060 -9884 9188 -14165 26186 632 543 629 550 543 END
START -6452 11040 -10684 10098 -12130 26371 632 542 629 550 542 END
START -6188 10496 -11436 10537 -11374 26936 632 541 629 550 541 END
START -6100 10256 -12044 8961 -10986 27634 632 540 629 549 540 END
START -5040 9392 -12220 6693 -9397 28285 633 539 629 548 539 END
START -4168 8848 -12080 5478 -9096 28396 632 539 629 549 539 END
START -2984 7772 -13024 4815 -8903 28319 632 539 629 548 539 END
START -1988 6968 -13100 5382 -9322 28544 632 539 629 548 539 END
START -1592 6624 -13120 5674 -7079 28961 632 538 629 548 538 END
START -1044 5736 -13020 5196 -6072 29365 632 537 629 547 536 END
START -416 5124 -13600 3818 -6645 28670 632 534 628 545 534 END
START 1612 4584 -13812 1039 -5263 27410 632 532 628 544 532 END
START 1956 2844 -14252 -126 -6303 26299 632 531 628 543 531 END
START 3088 2316 -14444 -1062 -6467 25476 632 529 628 543 529 END
START 4188 1836 -15100 -3470 -6014 23706 632 526 628 541 525 END
START 5540 1392 -15868 -6227 -5249 21310 632 524 628 540 524 END
START 6696 524 -16736 -8650 -4676 18261 632 524 628 540 524 END
START 7648 -696 -17472 -9099 -5432 14797 632 524 628 540 524 END
START 8068 -1292 -17344 -8263 -5364 11477 632 524 628 540 525 END
START 8432 -1548 -17720 -6324 -4521 8273 632 525 628 541 525 END
START 8552 -944 -17404 -4283 -4728 5253 632 525 627 541 525 END
START 8996 252 -17412 -2608 -4221 2608 632 526 628 541 525 END
START 8636 868 -17284 -1489 -4023 524 632 525 627 541 525 END
START 8408 1724 -16724 -644 -1807 -1134 631 525 627 541 525 END
START 7840 2760 -16224 67 -1901 -2062 632 525 627 541 525 END
START 7112 3724 -16000 523 -1413 -2453 631 526 627 541 526 END
START 7156 4804 -15544 343 -1125 -2368 632 526 627 541 526 END
START 7584 5652 -15684 -244 -350 -2316 631 526 627 541 526 END
START 7652 5944 -15708 -734 369 -2161 632 526 627 541 526 END
START 7496 6164 -15624 -493 1033 -1850 631 526 627 541 526 END
START 7160 6328 -15612 -532 1670 -1753 631 527 627 541 527 END
START 6764 6312 -15636 -759 2055 -1762 632 527 627 541 527 END
START 6672 6080 -15496 -486 2319 -1511 631 527 627 541 527 END
START 6600 6592 -15732 -799 3181 -1464 631 527 627 541 527 END