START -6712 18056 -4104 2078 -54 2005 632 549 628 558 549 END
START -6716 18112 -3896 2070 -210 2253 632 549 628 558 549 END
START -6752 18080 -3496 1893 -779 3219 632 549 628 558 549 END
START -6880 18160 -3188 1971 -1596 4379 632 549 628 559 549 END
START -7020 17856 -2760 2130 -2180 5551 632 549 628 559 549 END
START -7320 17696 -2720 2656 -3002 6547 633 549 628 559 549 END
START -7808 17596 -2568 3263 -3733 7298 632 549 628 558 549 END
START -8084 17712 -3080 3646 -4434 8300 632 548 628 559 549 END
START -8228 17568 -3160 3896 -5203 9624 633 549 628 559 549 END
START -9088 17416 -3040 3784 -5540 10690 632 550 629 559 550 END
START -9052 17492 -2748 4428 -6026 12180 632 551 629 560 551 END
START -9392 16960 -2940 5611 -6976 14427 633 552 629 561 552 END
START -8732 16560 -3560 7721 -7653 16841 632 553 629 561 553 END
START -8720 15944 -4244 9371 -8957 18627 632 554 629 562 554 END
START -8564 15616 -4784 11244 -9168 20009 632 554 629 562 554 END
START -8520 15472 -5524 11202 -9497 21254 632 554 629 562 554 END
START -8256 14688 -6596 10508 -10052 22424 633 554 628 562 554 END
START -7492 13408 -7632 10923 -12408 23151 632 554 628 563 554 END
START -7292 13072 -8376 11689 -12290 24087 633 554 628 563 554 END
START -5704 12556 -9104 13627 -12770 25210 632 554 629 562 554 END
START -5560 12276 -9432 14426 -13739 26011 632 553 628 563 554 END
START -5132 11896 -9904 12893 -12080 26427 633 554 628 563 554 END
START -4668 11136 -10308 11107 -10249 27422 632 554 629 563 553 END
START -3824 10080 -10380 9801 -8883 28364 632 553 628 562 553 END
START -3072 8500 -10556 9777 -8986 28767 632 552 628 561 553 END
START -1952 7680 -10440 10427 -6600 28452 633 552 628 562 552 END
START -1452 7664 -10740 9983 -7563 27358 632 551 628 562 552 END
START -856 7772 -10480 8109 -8106 25691 632 552 628 561 552 END
START -448 7292 -10268 6489 -8037 24960 632 552 628 562 552 END
START -1204 6444 -10212 6268 -9272 25733 632 553 628 562 553 END
START -1576 5180 -10552 6277 -9128 27359 632 553 628 562 553 END
START -1108 3720 -11260 5763 -9492 28661 632 553 628 562 553 END
START -236 2244 -13128 5231 -10179 29454 632 553 627 562 553 END
START 956 1064 -14428 2811 -9998 28736 632 553 627 561 553 END
START 2204 -392 -16036 -664 -7626 27627 632 553 627 561 552 END
START 3544 -1664 -17696 -3687 -7399 25565 632 552 626 561 552 END
START 4740 -2740 -19148 -5848 -8318 22636 632 550 626 560 550 END
START 6436 -3704 -20628 -6727 -6619 18234 632 549 625 559 549 END
START 7416 -4592 -20284 -5085 -5522 13507 632 548 626 559 548 END
START 7232 -4100 -20872 -2324 -7197 9228 632 548 626 559 548 END
START 7016 -2768 -20420 -686 -5614 5840 631 548 626 559 548 END
START 7080 -1244 -20004 -542 -4784 3783 631 548 626 558 548 END
START 7332 48 -19488 -1128 -3385 2546 632 548 626 559 548 END
START 7620 1284 -18944 -1939 -2459 1882 631 548 626 559 548 END
START 7468 2160 -18556 -3016 -1264 1424 631 548 625 559 548 END
START 7336 2732 -17860 -3770 -319 657 631 548 625 559 548 END
START 7048 3396 -17384 -3576 -134 -47 631 548 625 559 548 END
START 7440 4284 -16484 -3025 -695 -234 631 548 625 559 548 END
START 7792 4544 -16156 -2679 218 -227 631 548 625 559 548 END
START 7756 4428 -15884 -2174 840 -506 631 548 625 559 548 END
START 7504 4452 -15832 -1227 574 -1103 631 548 625 559 548 END
START 6784 4404 -15680 -19 -93 -1586 631 548 625 559 548 END
START 6108 4500 -15752 1090 168 -1666 631 548 625 559 548 END
START 5700 4380 -16292 1445 511 -1535 631 548 625 559 548 END
START 5852 4004 -17004 1148 1120 -1634 631 548 624 559 548 END
START 6104 3552 -17428 806 1801 -2117 631 548 623 559 548 END
START 5368 3332 -18048 627 2732 -2593 631 549 623 559 549 END
START 4944 3132 -18436 351 2957 -3476 632 549 624 560 549 END