START -6612 17040 -3648 9 3076 -5452 632 529 628 533 529 END
START -6392 17080 -3812 -7 3157 -5366 632 529 628 533 529 END
START -6576 16876 -3608 -65 3505 -5455 632 529 628 533 529 END
START -6656 17240 -3712 726 2976 -5030 632 529 629 533 529 END
START -6520 17768 -3756 830 2890 -4116 632 528 629 533 528 END
START -6688 18032 -3328 716 2557 -2551 632 527 629 533 527 END
START -6608 18000 -3008 988 1768 -1096 632 525 629 533 525 END
START -6380 18108 -2240 1443 637 228 633 524 629 532 524 END
START -6616 18444 -1668 1773 -61 1392 633 524 629 533 524 END
START -6872 19116 -952 1948 -857 2891 633 524 629 532 524 END
START -7424 19784 -584 2041 -2184 5035 633 525 629 533 525 END
START -8008 19864 -468 2605 -3679 7286 633 527 629 533 527 END
START -7960 19212 -660 4609 -5260 9395 633 527 629 533 527 END
START -8432 18880 -684 7012 -5844 10980 633 528 629 533 527 END
START -8204 19060 -1092 9323 -6685 13302 633 527 629 533 528 END
START -8216 17996 -1444 11087 -7820 15723 633 527 629 532 527 END
START -8124 17628 -1892 12120 -8086 17351 633 526 629 531 526 END
START -8180 17416 -2484 11464 -8232 18792 633 525 629 530 525 END
START -8212 16544 -3192 9693 -9569 20438 633 525 629 529 525 END
START -7876 15536 -3788 9718 -11826 22326 633 525 629 529 525 END
START -7728 14496 -4252 10516 -14974 23386 633 526 629 528 526 END
START -7288 13920 -5292 10817 -14892 24409 633 525 629 527 526 END
START -6240 14024 -6148 11448 -15412 25564 633 526 629 525 526 END
START -6672 14556 -7268 12818 -17407 27324 633 525 629 524 525 END
START -5864 14328 -8220 10706 -16794 27552 633 525 629 524 524 END
START -5508 13944 -8880 7949 -16523 26963 633 524 629 524 524 END
START -4764 13160 -9268 5037 -14720 26247 633 524 629 523 525 END
START -4480 12876 -10016 4184 -13651 25598 633 523 629 523 524 END
START -3568 11768 -11264 4356 -14481 26170 633 523 629 522 522 END
START -2904 11020 -10912 6142 -12976 26858 633 519 629 521 519 END
START -2868 10796 -11504 6621 -12425 27293 633 516 629 520 516 END
START -2780 10300 -11744 4446 -11835 27570 633 514 628 520 514 END
START -2332 9044 -12260 1538 -11677 28750 633 513 628 519 513 END
START -1440 6892 -12952 648 -10080 30710 633 512 629 519 512 END
START -176 4088 -14024 2967 -10824 30269 633 511 628 518 511 END
START 1448 1812 -15164 5307 -10685 28190 633 509 628 516 509 END
START 2440 732 -15688 5688 -10269 25220 633 506 628 516 506 END
START 2804 -680 -16780 3634 -9137 21586 633 503 628 515 503 END
START 3740 -1348 -17860 1039 -8470 17562 633 502 628 514 502 END
START 5156 -2308 -18544 -679 -6818 13918 633 501 627 514 501 END
START 6404 -2176 -18676 -1158 -5933 10734 633 501 628 513 501 END
START 6924 -1296 -18776 -1228 -4734 7343 633 501 627 513 501 END
START 7396 0 -18312 -1497 -3781 4201 633 502 627 513 502 END
START 7104 1204 -17444 -1933 -2626 1768 633 503 627 514 503 END
START 6624 2796 -16508 -2372 -2252 51 633 504 628 514 504 END
START 6704 4068 -15532 -2437 -1468 -673 633 505 627 515 505 END
START 6804 4884 -14976 -2099 -1584 -826 633 506 627 515 506 END
START 7328 5788 -14744 -1420 -1027 -1108 633 506 627 515 506 END
START 7204 6684 -14884 -675 -1124 -1627 633 506 627 516 506 END
START 6704 7588 -14240 -67 -850 -1368 633 506 627 516 506 END
START 6176 8212 -14236 451 -419 -498 633 507 627 517 507 END
START 6160 7936 -14144 334 -335 503 633 507 627 517 507 END
START 6284 7448 -14528 102 -116 841 633 508 627 517 508 END
START 6536 6688 -14680 75 828 745 633 508 627 517 508 END
START 6564 6640 -14868 244 93 784 632 508 627 517 508 END
START 6292 6680 -14924 94 1087 919 633 508 627 517 508 END
START 5968 6464 -15064 -471 1764 896 632 508 626 517 507 END
START 5716 6088 -15224 -1264 2231 699 632 507 626 517 506 END
START 5492 5932 -15772 -2048 3041 291 632 507 626 517 507 END
START 5264 5636 -15976 -2955 3480 -265 632 507 626 517 506 END
START 5412 5388 -16688 -3701 4653 -704 632 507 626 518 507 END
START 5400 5104 -17364 -3836 5888 -1330 632 507 625 517 507 END
START 5108 4968 -17592 -3652 7068 -2434 632 507 625 518 507 END
START 5332 4788 -17744 -3902 7806 -3857 632 508 626 517 508 END