START -6192 15372 -5704 1619 -150 970 633 545 629 554 545 END
START -6184 15388 -5652 1559 -220 1051 633 545 629 554 545 END
START -6016 15460 -5692 1326 -269 1250 633 545 629 554 546 END
START -5428 15876 -5580 1405 -719 1453 633 545 629 554 546 END
START -4808 16412 -5244 1375 -1137 1792 633 546 629 554 546 END
START -4684 16828 -4452 714 -1549 2283 633 546 629 554 546 END
START -5716 17316 -3472 31 -2109 2807 633 545 629 554 546 END
START -6336 17776 -2744 38 -3023 3622 633 546 629 554 546 END
START -6748 17960 -2476 1013 -4052 5084 633 546 629 554 546 END
START -6644 18416 -2364 2117 -4905 7432 633 546 629 554 546 END
START -7072 18300 -2616 3567 -5522 9541 633 546 629 554 546 END
START -7704 17984 -2908 4756 -5543 10846 633 546 629 553 546 END
START -8164 17420 -3000 6627 -6526 11759 633 546 629 554 546 END
START -8320 17456 -3600 7886 -6964 13186 633 546 629 554 546 END
START -8468 17572 -3588 8177 -7671 15087 633 546 629 554 546 END
START -8596 17260 -4544 8067 -8383 17137 633 546 629 554 547 END
START -8288 16016 -5088 9236 -9218 19119 633 546 629 555 547 END
START -8196 15168 -5716 10997 -9961 20204 633 546 629 554 546 END
START -8552 14964 -5752 11814 -10521 20969 633 546 629 554 546 END
START -8544 14532 -6228 12990 -11370 22529 633 546 629 555 546 END
START -8240 13532 -7452 13594 -11491 24404 633 546 629 554 546 END
START -7908 12732 -8380 14695 -13206 25888 633 546 629 554 546 END
START -7732 12344 -8992 14064 -12089 26103 633 546 629 554 546 END
START -6612 12024 -9840 12810 -11444 25721 634 545 629 554 545 END
START -6024 11680 -10320 11516 -9990 25985 633 545 628 554 545 END
START -5992 11600 -10820 9438 -9704 27304 633 544 628 554 544 END
START -5492 10884 -10808 6949 -9320 28482 633 543 628 553 543 END
START -4840 8616 -12252 5962 -8941 29638 633 542 628 553 542 END
START -3272 7028 -12772 7157 -7466 29888 633 541 628 552 541 END
START -2984 6948 -13548 7938 -8036 29982 633 540 628 552 540 END
START -2204 6984 -13288 6851 -5576 30069 633 540 628 552 540 END
START -2044 6584 -13044 4592 -7159 30719 633 540 627 551 540 END
START -1096 5048 -12976 2394 -6163 32561 633 538 627 550 538 END
START -900 3984 -13904 142 -6129 32767 632 536 626 549 536 END
START 500 2740 -15380 -3314 -5066 32767 632 535 626 548 535 END
START 1956 1344 -15688 -6703 -3529 32767 632 534 626 547 534 END
START 4448 -140 -17112 -9668 -3265 29193 632 534 625 547 534 END
START 6504 -1864 -18184 -11216 -6267 24111 632 534 625 547 534 END
START 7444 -3608 -18528 -10022 -4997 18665 632 534 625 547 534 END
START 7420 -4116 -18788 -6752 -6908 13902 632 534 625 547 534 END
START 7768 -3648 -18208 -3266 -6213 9571 632 534 625 546 534 END
START 8124 -2632 -18132 -1115 -4502 6014 631 534 625 546 533 END
START 8540 -1272 -17528 -7 -3398 3255 632 534 625 545 534 END
START 8420 292 -17020 124 -2578 1482 632 534 625 546 534 END
START 8280 1608 -16188 -392 -1915 458 631 534 624 546 534 END
START 8200 2640 -15848 -1000 -1549 -1 631 534 625 545 534 END
START 8532 3860 -15568 -1879 -1419 -322 632 534 625 546 534 END
START 8720 4476 -15324 -2362 -598 -568 632 534 624 545 535 END
START 8444 4876 -15012 -2362 -111 -710 631 535 624 546 535 END
START 8084 5280 -14696 -1801 -760 -833 632 535 625 546 535 END
START 7672 5832 -14404 -1758 327 -912 631 535 625 546 535 END
START 7808 6176 -14068 -1565 107 -613 632 535 624 546 535 END
START 8032 6324 -13976 -1703 265 -391 632 535 624 546 535 END
START 8136 6024 -14196 -2156 569 -338 632 535 624 546 535 END
START 8036 5720 -14244 -2523 626 -272 631 535 624 546 535 END
START 7844 5636 -14312 -2629 192 -230 631 535 624 547 535 END
START 7844 5668 -14732 -2093 770 -47 631 535 624 547 535 END
START 7620 5640 -15128 -1475 1016 -148 631 535 624 547 535 END
START 7512 5500 -15552 -607 1173 -652 632 535 623 547 535 END
START 7352 5688 -15776 269 2047 -1348 631 535 623 547 535 END
START 6992 5860 -16476 657 1594 -2032 631 535 623 546 535 END
START 6924 5984 -16308 473 2965 -2649 631 535 623 547 535 END
START 6464 5896 -16832 21 3969 -3131 631 535 623 547 534 END
START 6864 5880 -17188 117 4319 -3286 631 535 623 547 535 END
START 7148 5908 -17264 52 5613 -3758 631 535 623 547 535 END
START 7112 5700 -17052 48 6698 -4499 631 535 623 547 535 END