START -3572 16508 -3312 2134 1961 -2258 631 545 626 530 545 END
START -3520 16612 -3300 1874 1957 -2159 632 545 626 530 545 END
START -3660 16304 -3596 1941 1818 -1954 631 544 626 528 544 END
START -3864 16844 -3376 2127 1719 -1696 631 543 626 527 543 END
START -3872 17240 -2564 1593 1288 -1063 631 543 626 527 543 END
START -3712 17196 -2232 1247 800 -230 632 543 626 527 543 END
START -3964 17572 -1460 1783 142 790 632 543 626 527 543 END
START -4508 18284 -512 2352 -164 1749 632 543 626 527 543 END
START -5172 18804 480 2756 -866 2476 632 543 626 527 543 END
START -5784 19248 1264 2894 -1653 3077 631 544 626 527 543 END
START -6500 19964 1584 3183 -2902 4133 631 544 626 526 544 END
START -6740 19912 1576 4109 -4353 6080 631 544 626 526 544 END
START -6672 20260 1028 5449 -5616 8344 631 544 626 526 544 END
START -7248 20216 756 6687 -7653 10240 632 544 626 525 544 END
START -7552 19432 24 7954 -8437 11676 631 544 626 524 544 END
START -7236 18868 -784 9612 -9536 13276 632 544 626 524 544 END
START -7060 18128 -1272 10898 -11471 14826 632 545 626 524 545 END
START -6804 17296 -1928 11752 -12492 16514 631 545 626 525 545 END
START -6736 16016 -2768 12995 -14956 18328 631 545 626 525 545 END
START -6384 14720 -3716 13035 -15630 19975 632 544 626 523 544 END
START -6112 13684 -4736 13659 -15062 20978 631 543 626 524 543 END
START -5276 12680 -6060 13552 -15053 21835 631 543 626 525 543 END
START -5104 11456 -7272 13252 -13438 22688 631 542 626 524 543 END
START -4140 10288 -8252 12273 -13711 22866 631 542 626 523 542 END
START -2672 9048 -9272 12280 -12807 22433 631 542 626 522 542 END
START -2680 9356 -9588 13006 -11691 22741 631 541 626 521 541 END
START -2712 10096 -10232 11266 -10638 24011 631 540 626 520 540 END
START -3048 9516 -11208 6936 -10430 26038 631 539 626 520 539 END
START -2336 7160 -11744 5651 -12597 27855 631 539 626 519 538 END
START -1056 5724 -12296 6576 -11592 29737 631 539 626 519 539 END
START -384 4904 -13540 6102 -13057 31195 631 537 626 517 537 END
START 1580 5772 -13936 3199 -8348 30198 630 531 626 513 531 END
START 2440 4968 -16384 -904 -13664 28490 630 525 626 509 525 END
START 3620 2716 -16592 -3446 -8330 25796 630 524 625 507 524 END
START 5068 1384 -17652 -1812 -9950 23307 630 523 626 506 523 END
START 6416 1184 -17500 -141 -9363 19982 630 523 625 505 523 END
START 7404 1452 -18188 751 -10129 16536 630 522 625 505 522 END
START 8424 2348 -18384 724 -8220 12961 630 522 625 503 522 END
START 8552 2312 -18112 105 -7101 9018 630 520 625 501 520 END
START 9136 1960 -17992 359 -4655 5688 630 518 626 500 518 END
START 8784 2140 -17572 1542 -3899 3061 630 518 625 499 518 END
START 7648 2952 -17180 2324 -3441 677 630 518 625 499 518 END
START 6728 3756 -16916 1849 -2391 -964 630 518 625 500 518 END
START 6168 4632 -16520 757 -2236 -1513 630 518 625 500 518 END
START 6584 5136 -16484 54 -1551 -1284 630 518 625 500 518 END
START 6844 5780 -16640 -800 -1367 -1109 630 518 624 500 518 END
START 7272 6320 -16500 -1579 -324 -1493 630 518 624 501 518 END
START 7008 6392 -15908 -1458 601 -1546 630 518 624 502 518 END
START 6088 6796 -15488 -880 887 -1262 630 518 624 502 518 END
START 5636 6860 -15396 -819 1095 -1124 630 518 624 503 518 END
START 6008 6980 -15752 -801 1289 -949 630 518 624 503 518 END
START 6556 6812 -16040 -942 1875 -824 630 518 624 504 518 END
START 6680 6708 -16548 -1257 2656 -800 630 518 624 504 518 END
START 6728 6500 -17012 -2127 3964 -1143 630 518 623 504 518 END
START 6764 5960 -17688 -3092 4534 -1681 630 518 623 505 518 END
START 6976 5272 -17956 -3824 5100 -2390 630 518 623 505 518 END