START -4056 15036 -5480 4103 1398 -758 632 597 631 595 597 END
START -4020 14960 -5804 4077 1450 -786 632 597 631 595 597 END
START -4168 15312 -5640 4291 1284 -321 632 597 631 595 597 END
START -4252 15604 -5952 2931 1308 145 632 597 632 595 597 END
START -4284 15604 -5892 983 1082 624 633 598 631 596 598 END
START -4340 15256 -5904 -425 564 921 633 598 631 596 598 END
START -4144 15072 -5788 -919 -43 1063 633 598 632 596 598 END
START -4012 14548 -6076 -974 -246 1125 633 598 632 596 598 END
START -3748 14452 -5940 255 17 988 633 598 632 596 598 END
START -3832 14680 -5956 767 354 871 633 598 632 596 598 END
START -3760 14664 -6044 767 489 859 633 598 632 596 599 END
START -3700 14784 -5896 935 568 818 633 599 632 596 599 END
START -3908 14956 -5608 573 318 946 633 599 632 596 599 END
START -3648 15056 -5748 -227 -242 1228 633 599 632 596 599 END
START -3452 14580 -6020 -395 -521 1303 633 599 632 597 599 END
START -3148 14176 -6128 317 -620 1086 633 599 632 597 599 END
START -2776 13928 -6364 1180 -87 869 633 599 632 597 599 END
START -2620 13572 -6204 2793 472 498 633 599 632 597 599 END
START -2696 13648 -6452 4641 831 -155 633 599 632 597 599 END
START -2612 13884 -6748 5250 1293 -792 633 599 632 597 599 END
START -2448 13916 -6828 4735 1656 -1289 633 599 632 597 599 END
START -2532 13496 -6804 5581 1479 -1706 633 599 631 597 599 END
START -2568 13868 -6644 6410 1568 -2128 633 599 632 597 599 END
START -2620 14232 -6620 6901 1659 -2325 633 599 632 597 599 END
START -2700 14524 -6292 7811 2471 -2298 633 599 631 597 599 END
START -2972 15536 -6216 9086 2577 -1710 633 599 632 597 599 END
START -3024 16864 -5712 9669 2316 -136 633 600 632 597 600 END
START -4304 18216 -5128 9688 1915 1196 633 600 632 598 600 END
START -4620 19164 -5292 9357 121 3068 633 601 632 598 601 END
START -4620 19504 -5496 8627 -681 4736 633 601 632 598 601 END
START -4796 19272 -6664 7996 -1683 6498 633 601 632 598 601 END
START -4912 19680 -7712 7840 -1843 8472 633 601 632 598 601 END
START -5252 19104 -7888 7646 -2268 10349 633 601 632 599 601 END
START -5332 18432 -8820 7213 -2719 12279 633 602 632 599 602 END
START -5028 17444 -8980 7619 -2091 13527 633 602 632 599 602 END
START -4808 16492 -9588 8670 -3113 14552 633 602 632 599 602 END
START -4976 16180 -9968 9357 -4456 15307 634 602 632 598 602 END
START -5296 15408 -10836 7977 -4500 16432 633 602 632 598 602 END
START -4948 15224 -11068 6449 -4397 18480 634 602 632 596 602 END
START -4744 15184 -10220 4649 -4676 20480 633 601 632 595 601 END
START -4556 13784 -10828 3505 -6014 21898 633 602 631 593 602 END
START -3800 11892 -11196 4189 -5398 22058 633 601 631 588 602 END
START -2880 10848 -11916 8125 -5139 21893 633 601 631 574 601 END
START -2724 12724 -11984 7286 -4831 21675 633 599 631 558 599 END
START -3320 13116 -11616 3407 -4389 22413 633 597 631 546 597 END
START -3592 12008 -11444 427 -5426 23580 633 594 631 540 594 END
START -2396 10308 -11548 -849 -6405 24355 633 591 630 537 590 END
START -944 9536 -11644 -505 -7530 23400 633 589 630 537 589 END
START -424 9136 -12160 666 -6791 22259 632 587 631 537 587 END
START -592 9212 -11648 1784 -6117 22061 632 585 630 536 585 END
START -708 8412 -11752 1982 -6918 22835 633 583 630 535 583 END
START 0 7912 -11380 1784 -7161 24110 632 579 630 534 579 END
START 628 7964 -11416 561 -8034 24774 632 575 630 532 575 END
START 1056 7248 -11928 -1584 -8931 25063 632 572 630 531 572 END
START 1592 6028 -12732 -3400 -8757 24665 632 571 630 530 570 END
START 1804 4888 -13372 -4838 -9027 23713 632 569 630 530 569 END
START 2180 4028 -13148 -4917 -9024 22512 632 568 630 529 568 END
START 4336 2612 -18428 -4930 -6462 21826 632 566 630 526 566 END
START 4656 1556 -14236 -152 -8362 18852 633 560 630 524 560 END
START 8868 -1968 -13320 8454 -6504 19126 632 555 629 521 555 END
START 4848 2160 -17668 5375 -11686 16057 632 551 629 520 550 END
START 5368 4644 -16228 -2824 4316 10904 632 547 628 518 547 END
START 4652 4820 -15176 -6759 6451 9995 632 545 628 517 545 END
START 5364 4652 -15024 -3338 -1472 13403 631 544 628 517 544 END
START 5392 6640 -13256 -7060 -2303 17217 631 543 628 517 543 END
START 6168 6200 -14080 -12791 -1343 18803 631 543 628 516 542 END
START 8308 1492 -14300 -12573 -2100 16499 631 540 628 514 540 END
START 8524 -44 -15156 -7175 -2580 14085 631 537 628 511 537 END
START 8436 -208 -14732 -1955 -2989 10542 631 535 628 510 535 END
START 8848 932 -14360 1375 -3529 6754 631 533 628 509 533 END
START 8408 848 -14448 2561 -3062 3904 631 533 628 510 533 END
START 8524 1468 -14316 2809 -3162 1967 631 533 628 510 533 END
START 8336 1668 -14624 2197 -2576 832 631 533 628 510 534 END
START 8288 1936 -14516 893 -2341 112 632 534 628 512 534 END
START 7672 2316 -14716 -325 -1746 -166 632 534 628 512 534 END
START 7048 2644 -14564 -1070 -1329 -146 632 535 628 513 535 END
START 7148 2956 -14792 -1345 -1567 -218 631 535 628 513 535 END
START 7764 3572 -15236 -1346 -1129 -804 632 535 628 513 535 END
START 7560 3924 -15288 -1307 -268 -1397 632 535 628 513 535 END
START 7260 4212 -14964 -1154 65 -1683 631 535 628 513 535 END
START 7240 4536 -15340 -1444 169 -1906 632 535 628 514 535 END
START 7212 4940 -15468 -2149 732 -2147 632 535 628 514 535 END
START 7064 5224 -15784 -2704 1607 -1966 632 536 628 515 535 END
START 7252 5708 -15932 -3686 2470 -1682 632 535 628 516 535 END
START 7484 6052 -16724 -5446 3911 -1737 631 535 628 517 535 END
START 7716 6048 -17120 -7477 5704 -2137 631 533 628 519 534 END
START 7952 5856 -17772 -8399 7031 -2577 632 534 627 521 533 END
START 7360 4784 -17040 -8661 8073 -3328 631 534 627 525 534 END
START 7348 4644 -16944 -9799 9519 -4484 632 536 627 527 535 END
START 7636 4520 -16536 -10403 10734 -5838 631 537 627 530 537 END
START 8404 4564 -15736 -10502 12915 -7630 632 538 627 532 538 END
START 8248 3920 -14888 -9486 15781 -9805 631 538 627 535 538 END
START 7404 2788 -15004 -8127 17545 -12264 631 538 627 537 538 END
START 7808 4032 -13788 -6479 18984 -15418 630 536 626 539 537 END
START 8032 5756 -12160 -7994 18007 -18912 629 535 626 541 535 END
START 7436 6984 -10576 -9265 17040 -21323 628 532 626 545 533 END
START 7380 6576 -9592 -9553 15307 -22963 627 532 625 548 532 END
START 6588 8528 -8188 -7575 14212 -23528 627 533 625 551 533 END
START 6788 9800 -7924 -7608 13025 -24147 626 534 625 553 534 END
START 5328 11552 -5932 -10598 18335 -24047 627 535 625 553 535 END
START 4892 10824 -4572 -10572 16185 -23051 627 538 625 552 538 END
START 4856 10272 -4724 -7930 15433 -22808 627 539 625 548 539 END
START 4456 12044 -3640 -5472 18414 -21094 629 540 625 543 540 END
START 4068 14064 -2568 -3826 18205 -19613 630 540 625 537 540 END
START 3112 14012 -2304 -4026 17418 -18201 630 532 625 529 532 END
START 3152 12156 -2400 -2447 17836 -17485 631 521 625 516 520 END
START 2452 14056 -2936 729 16686 -17598 631 515 626 503 514 END
START 1976 14284 -2176 705 14824 -15770 632 509 626 497 508 END
START 2056 14104 -2304 961 12858 -14186 632 501 626 490 500 END
START 1340 14268 -2872 1617 12236 -13857 632 494 626 483 494 END
START 692 15188 -3012 1937 11750 -13710 632 487 626 477 487 END
START -252 15672 -3324 528 11170 -13151 632 476 626 468 475 END
START -952 16236 -3404 1901 10680 -12709 632 466 626 462 466 END
START -1108 17100 -3276 2990 10442 -12452 632 459 626 458 459 END
START -1796 17104 -2940 3087 10806 -12122 632 453 627 454 453 END
START -1784 17172 -2536 3942 11173 -11997 632 451 627 453 451 END
START -2232 18340 -2444 3559 11151 -11519 632 449 627 453 449 END
START -2900 18800 -2204 2011 8751 -10560 632 449 627 451 448 END
START -2916 18888 -2016 1003 7597 -9181 632 447 627 450 448 END
START -2884 18564 -2032 208 6610 -7766 632 446 627 449 446 END
START -2720 18168 -1848 639 5663 -6712 632 444 627 448 443 END
START -3004 17964 -2056 1505 4939 -5922 632 440 627 448 440 END
START -3060 17452 -2264 2946 5074 -5303 632 439 627 450 439 END
START -2928 17280 -2636 4095 5826 -5085 632 437 627 454 438 END
START -2720 17596 -3132 4247 5175 -4820 632 436 627 457 437 END
START -3052 17516 -3440 3454 4275 -4239 632 435 627 460 435 END
START -3056 16944 -3600 3330 3722 -3899 631 435 627 464 435 END
START -3076 16772 -3828 3415 2787 -3784 632 436 627 466 436 END
START -3072 16920 -3816 3039 2291 -3309 632 436 627 468 436 END
START -3064 16604 -3844 2530 2327 -2945 632 436 627 470 436 END
START -2936 16568 -3924 1869 2089 -2936 632 437 627 472 437 END
START -3028 16316 -4212 1539 1757 -2966 632 437 627 474 437 END
START -2800 16224 -4124 1759 1470 -2709 632 438 627 476 438 END
START -3112 16660 -3804 2258 1120 -2195 632 438 628 478 438 END
START -3332 17064 -3444 2431 636 -1244 632 439 628 478 438 END
START -3720 17500 -3276 3025 7 -283 632 439 627 480 439 END
START -3876 18000 -2928 3658 -659 576 632 439 628 480 439 END
START -4620 19680 -2596 3321 -806 1616 632 440 628 481 440 END
START -5212 21008 -1700 2029 -1431 3654 632 441 628 481 441 END
START -5512 21572 -1300 1845 -2715 5878 632 442 627 482 442 END
START -5672 21628 -1088 3561 -4314 8643 632 443 628 482 443 END
START -5752 21220 -344 6187 -7393 12057 632 443 628 483 443 END
START -4804 20708 -1392 9143 -8729 14559 632 443 628 483 443 END
START -5148 20692 -1640 10354 -9601 16437 632 442 628 483 442 END
START -4900 20412 -2696 10807 -9649 18359 632 442 628 484 443 END
START -4512 20132 -3332 9307 -9791 20694 632 448 628 485 448 END
START -4288 18888 -3904 7486 -12469 22771 632 453 628 486 452 END
START -4520 17360 -5036 4541 -13172 24611 632 453 628 487 452 END
START -4460 15308 -5900 7991 -17831 25424 631 453 628 487 453 END
START -3796 14636 -6568 9846 -17375 26069 632 449 628 488 449 END
START -3712 13808 -7660 12143 -16519 26790 631 445 628 489 444 END
START -3776 14196 -8412 11781 -15946 27624 631 440 628 490 440 END
START -3672 13032 -9292 8701 -15377 28657 631 436 628 491 436 END
START -3112 11176 -10840 6056 -13985 29352 631 434 628 490 433 END
START -2072 9748 -11360 5474 -13384 29414 631 432 628 490 432 END
START -2048 8832 -11880 4829 -12268 28596 631 433 628 491 433 END
START -728 8212 -12524 3745 -11076 27691 631 432 628 491 432 END
START -88 8260 -13480 2633 -10478 26827 631 431 628 491 431 END
START 240 8436 -13440 153 -10202 26467 631 431 628 490 430 END
START 428 7100 -13712 -2553 -8193 26048 631 430 628 490 430 END
START 1388 5628 -14084 -1803 -9325 24802 631 429 628 490 429 END
START 2508 4880 -13512 530 -9146 23958 631 429 628 490 430 END
START 3340 4856 -13476 1260 -8902 23089 631 431 628 491 431 END
START 3504 4640 -13040 538 -7428 22809 631 431 628 490 431 END
START 3696 3840 -13252 -490 -6758 23778 631 430 628 491 430 END
START 4196 2716 -13820 -1099 -6308 23591 631 429 627 490 430 END
START 5356 1252 -14752 -2466 -6296 22158 631 429 628 490 429 END
START 7332 240 -16684 -3941 -5724 19411 631 428 627 490 428 END
START 7928 -1312 -16964 -4575 -6286 15900 631 429 627 490 429 END
START 7584 -2708 -16840 -3662 -5217 12751 631 428 627 490 429 END
START 7168 -2844 -16904 -2311 -5716 10397 631 429 627 490 428 END
START 7708 -2372 -16752 -2435 -4467 7916 631 428 627 489 428 END
START 7612 -2324 -16732 -3192 -2935 5452 631 428 627 490 428 END
START 8060 -1988 -16224 -3186 -3171 3108 632 429 627 490 429 END
START 8068 -1156 -15720 -2122 -3015 1406 631 429 627 490 429 END
START 8368 52 -15608 -1336 -2946 -28 632 429 626 490 429 END
START 8580 744 -15452 -302 -2477 -1196 632 430 626 490 430 END
START 7904 1936 -15120 462 -1386 -1597 632 430 626 490 430 END
START 7648 3236 -14864 398 -1357 -1411 631 430 626 491 430 END
START 8032 4148 -14712 -29 -828 -1229 631 431 626 491 431 END
START 7980 4460 -14764 -446 -653 -1250 632 432 626 492 432 END
START 8072 4424 -15032 -500 -400 -1174 632 433 626 493 433 END
START 8132 4652 -15464 -201 -143 -1289 631 434 626 495 435 END
START 7888 5004 -15652 -267 604 -1345 632 437 626 496 437 END
START 7140 5028 -15060 -485 1741 -700 632 439 626 498 439 END
START 7316 5200 -15616 -908 1700 -414 632 440 626 499 440 END
START 7940 5580 -16116 -1458 1976 -585 632 442 625 500 442 END
START 7916 5660 -16184 -2150 3085 -626 632 446 626 502 445 END
START 7864 5844 -16552 -3191 3903 -476 631 449 626 504 449 END
START 7756 5124 -16880 -4441 5093 -551 632 456 625 508 455 END
START 7832 3816 -17736 -5845 6125 -1095 631 461 625 512 461 END
START 8064 3216 -17840 -6173 6651 -2473 632 469 625 516 469 END
START 8036 2624 -18064 -6187 7051 -4594 631 479 625 518 479 END
START 8048 2028 -18092 -4770 7379 -7067 631 486 625 520 486 END