START -8168 17684 -3504 1550 -1639 4959 632 537 629 546 537 END
START -8012 18000 -3300 1743 -1894 5440 632 536 629 546 537 END
START -7896 18496 -2748 2470 -2649 7271 632 537 629 546 537 END
START -7864 18272 -2500 3671 -3655 8920 632 537 629 546 537 END
START -8276 18096 -2608 4866 -4213 10561 632 537 629 546 537 END
START -9000 18068 -2260 5684 -4753 12057 632 537 629 547 537 END
START -9292 17632 -2444 6147 -6094 13863 632 538 629 547 538 END
START -9360 17336 -2716 6921 -7092 16037 632 539 629 547 538 END
START -9260 16864 -3160 7703 -8869 18205 632 539 629 547 540 END
START -9332 15988 -3960 8159 -8647 19438 632 541 629 548 541 END
START -9388 15860 -3332 9915 -7452 20093 632 543 629 550 543 END
START -11696 17464 -2156 7081 -1348 20003 632 543 629 550 543 END
START -9352 15924 -4788 12101 -10530 21207 632 544 629 550 544 END
START -8800 15904 -5180 13203 -11241 22708 632 544 629 550 544 END
START -8548 15612 -5692 13566 -11612 24324 632 543 629 550 544 END
START -8804 15168 -6392 12476 -12782 25947 632 544 629 551 544 END
START -7756 13608 -7712 11743 -15639 27134 632 544 629 551 544 END
START -6752 12580 -9184 11477 -13175 27621 633 544 629 551 544 END
START -6596 12192 -9788 11518 -11361 27867 632 544 629 551 544 END
START -6304 12384 -10240 9643 -10776 28766 632 543 629 550 543 END
START -5560 11248 -10900 5355 -10492 29734 632 542 629 550 542 END
START -4512 9292 -11592 3246 -10172 29296 632 541 629 550 541 END
START -4148 7136 -11964 5155 -8939 27786 632 541 629 550 541 END
START -3568 6708 -11872 8955 -10269 26504 632 541 629 550 541 END
START -3268 7120 -11524 10830 -9569 25638 632 541 628 549 541 END
START -3220 7292 -11672 9936 -8943 25778 632 541 629 549 541 END
START -2620 6880 -11572 7399 -7886 27082 632 541 629 549 540 END
START -1220 4652 -13356 4818 -7331 28977 632 540 629 549 540 END
START 1596 2976 -15136 4889 -8916 28321 632 538 629 548 538 END
START 3012 1632 -15532 5313 -8683 26172 632 537 629 548 537 END
START 2992 1140 -15784 5583 -7877 24068 632 537 629 548 537 END
START 2652 1544 -15676 4413 -7267 22353 632 536 629 547 536 END
START 2216 1496 -15172 1310 -5672 21585 632 536 629 547 536 END
START 3596 872 -16056 -2580 -4667 20934 632 536 629 547 536 END
START 5436 -792 -17052 -4492 -5255 18963 632 535 628 546 535 END
START 6700 -1624 -17768 -3619 -6192 16777 632 534 628 546 534 END
START 6456 -1676 -17376 -2453 -5403 14548 632 534 628 546 534 END
START 6376 -1784 -17436 -2621 -3792 11644 632 535 628 546 534 END
START 6776 -1556 -17648 -3510 -3650 8492 632 534 628 546 534 END
START 7496 -1412 -17520 -4707 -4010 5993 632 534 628 546 534 END
START 7692 -960 -17480 -5670 -3108 3786 632 534 628 546 534 END
START 8304 -1524 -17564 -5524 -3393 2075 632 534 628 546 534 END
START 9060 -316 -17532 -4025 -2624 894 632 534 628 546 534 END
START 8592 1084 -16840 -2447 -1959 -314 632 535 627 546 535 END
START 7908 1996 -16660 -1279 -800 -1554 632 534 627 546 535 END
START 7320 3124 -16080 -35 -744 -2263 632 535 627 547 535 END
START 6800 4480 -15900 1054 -237 -2371 632 535 627 547 535 END
START 6676 5640 -15892 1087 -304 -2238 632 535 627 547 535 END
START 6720 5856 -15868 714 268 -1923 632 535 627 547 535 END
START 6240 6080 -16268 189 1047 -1544 632 535 627 547 535 END
START 6024 6028 -16520 -979 1359 -1295 632 535 627 547 535 END
START 6256 5804 -16600 -1798 2049 -1032 632 535 627 547 535 END
START 6052 5508 -16684 -2397 2617 -1178 632 535 627 546 535 END
START 5988 4868 -17068 -2673 3144 -1566 632 535 627 547 535 END
START 6244 4460 -17124 -2577 4109 -2366 632 535 626 547 535 END
START 6540 4172 -16892 -2205 4067 -3560 632 535 627 547 535 END
START 6636 4088 -16784 -1998 5140 -5264 632 535 627 547 535 END
START 6120 4020 -17132 -2264 5603 -7288 632 535 627 547 535 END