START -5840 18496 -1640 146 805 -669 633 528 629 533 528 END
START -5952 18720 -1556 333 530 -201 633 528 630 533 528 END
START -6120 19108 -1140 855 -602 1368 633 528 629 533 528 END
START -6772 19476 -884 949 -1576 3224 633 528 629 533 528 END
START -6848 19920 -380 1267 -2517 5180 633 528 629 533 528 END
START -6904 19648 -96 2144 -3667 7555 633 528 630 533 529 END
START -6356 19196 80 4301 -4630 9783 633 529 630 533 529 END
START -6552 19232 468 6935 -5452 12070 633 529 630 533 529 END
START -7288 18936 412 9403 -6590 14373 633 529 630 534 529 END
START -7356 19008 -444 10823 -7475 15948 633 529 630 534 529 END
START -7340 18788 -1552 11938 -8891 18042 633 528 629 534 528 END
START -7308 19032 -2544 11888 -9729 19640 633 526 630 533 526 END
START -6984 18904 -3632 10254 -10840 20823 633 525 630 534 525 END
START -7400 18568 -3808 9576 -12746 21778 633 523 630 534 523 END
START -6820 17692 -5152 8359 -13377 23113 633 522 630 533 523 END
START -5884 16332 -6080 7996 -14853 23987 633 520 630 532 520 END
START -5676 15140 -6860 8510 -14621 24423 633 518 630 531 518 END
START -5368 13904 -7496 10742 -16437 24453 633 515 630 529 515 END
START -4820 13372 -7880 11335 -15076 24692 633 510 630 526 510 END
START -5028 12996 -8492 11382 -15414 25514 633 505 630 523 505 END
START -4572 12820 -8508 10209 -14423 26769 633 501 630 521 501 END
START -4396 11444 -8552 9108 -14642 28177 633 497 630 522 497 END
START -3756 9664 -9160 8898 -14176 28960 632 495 629 522 495 END
START -3176 9228 -10076 8437 -13360 28775 632 494 629 522 494 END
START -2396 8468 -10328 6995 -11570 28445 633 493 630 522 493 END
START -2436 7916 -10724 5498 -12237 28679 633 492 630 522 492 END
START -2152 6296 -11424 4288 -12030 29557 633 491 630 522 491 END
START -1488 4748 -11800 2907 -9706 30806 633 490 629 522 490 END
START 184 3512 -13776 1180 -10997 30876 633 488 629 521 488 END
START 2128 2020 -15192 -410 -10232 29973 633 486 629 520 486 END
START 3508 220 -16244 -768 -10403 27531 633 483 629 520 483 END
START 5472 -1120 -17388 -305 -9670 24227 632 480 629 519 480 END
START 6444 -1816 -18308 238 -9368 20264 632 478 629 518 478 END
START 6588 -2000 -18676 -254 -7677 16367 633 477 629 518 477 END
START 6732 -2400 -18720 -1727 -7296 12954 633 476 629 518 476 END
START 7188 -2596 -19212 -2214 -4942 9841 633 476 629 516 476 END
START 7640 -2608 -19252 -1705 -4520 7646 632 475 628 517 475 END
START 7868 -1676 -18648 -1335 -3766 5373 633 475 628 517 475 END
START 8024 -620 -18024 -1783 -2496 2669 633 476 628 517 476 END
START 8104 312 -17188 -1599 -2326 524 633 476 628 517 476 END
START 7616 1664 -16448 -1444 -1309 -628 633 476 628 517 476 END
START 7568 2600 -15820 -1148 -1600 -1085 633 476 628 517 476 END
START 7440 3764 -15128 -826 -580 -1004 633 476 628 517 476 END
START 7652 4200 -14580 -644 -533 -577 633 477 628 517 477 END
START 7568 4632 -14780 -556 -22 -368 633 477 628 517 477 END
START 7748 4968 -15156 -546 -183 -740 633 477 628 518 477 END
START 7076 4844 -14896 -422 459 -761 633 477 628 518 477 END
START 6516 4760 -14976 -242 675 -501 633 478 628 518 478 END
START 6572 4552 -15348 -196 876 -543 633 478 628 518 478 END
START 6720 4484 -16132 -248 1578 -881 633 478 627 519 478 END
START 7000 4300 -16716 -840 2299 -1205 632 481 627 520 481 END
START 6924 4456 -17472 -1527 3594 -1571 632 484 627 522 485 END
START 6724 4764 -17464 -2777 4703 -1916 633 491 627 525 491 END
START 6436 4892 -17500 -4518 5582 -2549 632 498 627 526 498 END
START 6700 4904 -17248 -5833 5601 -3234 633 503 627 527 503 END
START 7004 4640 -17392 -6116 6338 -4234 632 507 627 528 507 END