START -3812 17316 -3872 200 183 358 630 522 629 528 522 END
START -3800 17252 -3752 196 186 508 631 522 629 528 522 END
START -3684 17740 -3132 327 227 1081 631 522 630 528 522 END
START -4232 18356 -1892 410 -52 1677 631 522 629 528 522 END
START -5016 19072 -820 -153 -632 2549 631 522 629 528 522 END
START -5528 19220 48 42 -1701 3598 631 522 629 528 522 END
START -5984 18892 604 1207 -2744 4757 631 522 629 528 522 END
START -6416 18872 784 2891 -3855 6272 631 522 629 529 522 END
START -7092 18576 456 4981 -4430 7636 631 522 629 528 522 END
START -7540 18700 500 6878 -5203 9129 631 523 629 528 523 END
START -7744 18868 284 7859 -6538 10616 631 523 629 528 523 END
START -8072 18460 -148 8503 -7000 12525 631 525 630 528 525 END
START -7940 18928 -4 9269 -7959 14406 631 526 629 528 526 END
START -8704 18968 648 9011 -9396 16250 631 526 629 528 526 END
START -8572 18228 348 8823 -10715 18177 631 527 630 529 527 END
START -8544 17208 -516 9529 -12784 19498 631 527 630 529 527 END
START -8540 16316 -1620 11968 -13670 20946 631 527 629 529 527 END
START -8208 15180 -3416 16000 -16831 22408 631 527 630 529 527 END
START -7824 14684 -4932 17853 -17547 23461 631 527 629 527 527 END
START -7392 14600 -6404 17712 -16451 24086 631 525 630 526 525 END
START -7744 13204 -7732 17674 -17860 25202 631 523 629 525 523 END
START -7128 11680 -8608 17108 -17630 26631 631 521 630 524 521 END
START -6648 11132 -10184 15599 -16807 27844 631 518 629 523 518 END
START -5700 10528 -12068 12242 -15683 28247 631 515 629 522 515 END
START -5424 8852 -12332 10136 -12726 28484 631 514 629 521 514 END
START -4508 8172 -12880 9221 -12084 29159 631 511 629 519 510 END
START -3964 7944 -13160 7417 -11068 29395 631 507 629 515 506 END
START -3728 7840 -13512 5230 -9755 29584 631 504 629 513 504 END
START -2348 6596 -13828 2899 -9148 29582 631 503 629 512 503 END
START -648 4736 -14528 1981 -8854 28633 631 503 629 512 503 END
START 592 3596 -14436 2286 -9005 27057 631 503 629 512 503 END
START 1540 2880 -13888 3547 -8708 25492 631 505 629 512 505 END
START 2028 2716 -13920 3488 -8254 23874 631 505 628 511 505 END
START 2528 2164 -14172 2512 -9121 22591 631 505 628 511 505 END
START 2880 1520 -14588 2 -7040 21758 631 505 628 511 504 END
START 3752 352 -15668 -2030 -7308 20549 631 504 628 511 504 END
START 4712 -232 -16000 -4028 -7079 18513 631 504 627 512 504 END
START 5472 -1680 -16712 -4799 -6550 16104 631 504 627 513 504 END
START 6048 -2328 -16744 -3312 -6926 13319 631 505 627 513 504 END
START 6428 -2404 -17156 -487 -7607 10790 631 505 627 514 504 END
START 7184 -1500 -17796 1020 -6154 7632 631 505 627 515 505 END
START 7376 -172 -17444 1872 -4873 5186 631 505 627 515 505 END
START 7768 508 -17792 2113 -3876 3248 630 505 627 515 505 END
START 8172 1440 -18016 2005 -3922 1414 631 505 627 515 505 END
START 7808 2000 -18012 2190 -3375 19 631 505 627 515 505 END
START 6660 3064 -17532 1811 -2665 -660 631 505 626 515 505 END
START 5808 3824 -17120 647 -1751 -743 631 505 627 515 505 END
START 5768 4164 -16808 -467 -1450 -276 631 505 626 515 505 END
START 6328 4664 -16800 -775 -1136 17 631 505 627 515 505 END
START 6816 4944 -16904 -586 -771 48 631 505 626 515 505 END
START 6480 5220 -16596 -61 37 98 631 505 626 514 505 END
START 6416 5444 -16608 266 701 164 631 505 626 515 505 END
START 5940 5672 -16252 313 1167 315 631 505 626 515 505 END
START 5428 5576 -16136 -199 1840 484 631 505 626 515 505 END
START 5516 5360 -16304 -1160 2059 671 631 505 626 515 505 END
START 5924 5220 -16440 -2188 2255 499 631 506 626 514 505 END
START 6084 5112 -16828 -3243 3288 32 630 505 626 514 505 END
START 5980 5152 -17476 -4226 4168 -227 631 505 626 514 506 END
START 5360 5196 -17732 -5141 5461 -400 630 506 626 515 506 END