START -7576 16832 -3212 751 221 2376 630 534 628 540 534 END
START -7612 16908 -3136 1095 110 2848 631 534 628 540 534 END
START -7428 17236 -2192 2330 -357 4589 631 534 628 540 534 END
START -7700 17756 -1288 3695 -865 6420 631 534 628 540 534 END
START -7536 18496 -468 4536 -1829 7924 631 534 628 540 534 END
START -7600 18684 -148 4639 -2596 9136 631 534 628 540 534 END
START -8112 18280 0 4948 -3724 10534 631 534 628 540 534 END
START -8632 18124 0 6171 -4885 12160 631 534 628 540 534 END
START -8684 17620 -352 7961 -5998 13825 630 534 628 540 534 END
START -8964 17364 -1392 10005 -7386 15000 630 534 628 540 534 END
START -8536 17588 -1920 11057 -8351 16113 630 534 628 540 534 END
START -9096 16968 -2056 11750 -9102 17157 630 534 628 540 534 END
START -9084 16924 -2324 12575 -10165 18780 630 534 628 540 534 END
START -9608 16572 -2820 12177 -11187 20573 630 534 628 540 534 END
START -9676 15764 -3180 12732 -15340 21824 630 534 628 540 534 END
START -10120 14812 -3356 12828 -15635 22949 630 533 628 540 533 END
START -9632 13808 -4912 13769 -16966 24520 630 533 628 540 533 END
START -9136 13224 -5632 13815 -17369 26012 630 532 628 539 532 END
START -8956 12780 -7248 12260 -15933 27015 629 532 628 539 532 END
START -8268 12572 -8792 10572 -13950 27616 629 532 628 539 532 END
START -6988 10716 -10212 8942 -15138 27935 629 532 628 538 532 END
START -6028 8900 -11152 9698 -12822 27677 629 531 628 538 532 END
START -5696 8276 -12080 11486 -12084 27564 629 531 628 537 532 END
START -5296 8248 -12668 12340 -12551 27383 630 531 627 537 531 END
START -4356 7804 -13588 11385 -11464 27542 629 531 627 537 531 END
START -2932 7232 -13844 9696 -11863 27223 629 531 627 538 531 END
START -1664 6240 -14444 8179 -11724 26493 629 531 627 539 531 END
START -356 4760 -14828 8067 -12030 25267 628 532 627 539 532 END
START 408 3652 -15280 8158 -11849 24223 628 531 627 540 532 END
START 1000 2184 -15276 7751 -10965 23269 628 532 627 540 532 END
START 684 756 -15176 6826 -9425 22372 629 531 627 539 532 END
START 552 -664 -15272 5934 -8937 21469 628 531 627 540 531 END
START 1768 -1956 -16240 5874 -8918 21143 628 532 626 540 531 END
START 3176 -2556 -17724 4784 -6455 19944 628 531 626 541 531 END
START 4192 -2876 -19000 2967 -6438 17623 628 531 626 541 531 END
START 5108 -3208 -19536 1187 -4892 14625 628 531 626 541 531 END
START 5756 -3100 -20368 -58 -4526 11152 628 531 625 541 532 END
START 5412 -3036 -20548 -1051 -3931 7737 628 531 626 540 531 END
START 5652 -2352 -19860 -1723 -2559 4465 628 531 625 541 531 END
START 5860 -1416 -19680 -2017 -2388 1980 628 531 625 541 531 END
START 5580 -476 -18868 -2678 -1330 485 628 531 625 541 531 END
START 5576 848 -18488 -3406 -667 -714 628 531 625 540 531 END
START 5724 2076 -17716 -3441 -538 -1774 627 530 625 541 531 END
START 5456 2780 -17348 -3016 295 -2188 628 531 625 541 532 END
START 5172 3928 -16888 -2639 915 -2482 628 531 625 541 531 END
START 5184 4736 -16416 -2004 990 -2753 628 532 625 541 531 END
START 5168 5332 -16252 -1163 1374 -2348 628 531 625 541 531 END
START 4932 5772 -16396 -803 1773 -1781 628 531 625 541 531 END
START 4800 6084 -16404 -1315 2546 -1400 628 531 625 541 531 END
START 4804 5720 -16412 -1690 2885 -919 628 531 625 541 531 END
START 4976 5364 -16788 -2006 3059 -736 628 531 625 541 531 END
START 4652 4948 -16800 -2415 3875 -1212 628 531 625 541 531 END
START 4700 4608 -17024 -2315 3951 -2084 628 531 624 541 531 END
START 4664 4324 -17076 -1584 4425 -3330 628 531 624 541 531 END