START -7036 16992 -3048 2275 -4496 9158 631 567 628 566 567 END
START -6940 16920 -2952 2558 -4741 9552 632 567 627 566 567 END
START -6804 16864 -3032 4246 -5594 10800 633 567 628 566 567 END
START -7172 17020 -3236 6644 -6014 12732 633 567 628 566 567 END
START -8084 17080 -3328 8839 -6685 15204 633 567 628 567 567 END
START -7640 17180 -4312 10865 -7361 18056 633 567 628 567 567 END
START -8520 16872 -4288 13028 -8885 19981 633 567 628 567 567 END
START -8568 17216 -5060 12244 -7354 20787 633 567 628 567 567 END
START -9508 17100 -5248 12180 -7306 21681 633 568 628 568 568 END
START -9476 16952 -5560 11983 -7573 23045 633 567 628 568 568 END
START -9732 16024 -5820 11749 -8679 24706 633 568 628 568 568 END
START -9856 14996 -6008 12288 -9509 26766 633 568 628 568 568 END
START -9868 14016 -6972 12393 -11685 27796 633 568 628 569 568 END
START -9636 12488 -8328 13525 -13746 29007 632 569 627 569 568 END
START -8912 11780 -9124 14756 -13843 29890 633 568 628 569 568 END
START -8596 10764 -10204 14004 -12191 30385 633 568 628 569 568 END
START -7200 9972 -10544 12859 -10272 30360 633 568 628 569 568 END
START -6940 10412 -11408 11114 -9675 30430 633 568 628 569 568 END
START -6044 9924 -11888 7710 -7664 31144 633 568 627 569 568 END
START -5252 8168 -12752 6196 -5303 31302 633 568 627 569 568 END
START -4792 7400 -13472 6126 -6710 32016 632 568 627 569 568 END
START -3364 7032 -13664 5497 -7186 31952 632 568 627 569 568 END
START -2656 6464 -13308 3251 -5562 31773 632 568 627 569 568 END
START -1460 4976 -14012 1065 -5579 31229 633 568 627 569 568 END
START -612 3452 -14912 351 -6340 30336 632 567 627 569 567 END
START 12 2856 -14564 -9 -4079 29433 632 566 627 568 566 END
START 832 2376 -14756 -720 -4870 28564 632 565 627 567 565 END
START 2672 1684 -15300 -1597 -6276 26982 632 564 626 566 564 END
START 3492 888 -15704 -2900 -4625 24900 632 563 626 566 564 END
START 2844 236 -16376 -5052 -4471 23096 632 563 626 565 563 END
START 3484 -628 -15992 -6804 -4351 21546 632 562 626 565 563 END
START 4252 -1124 -16804 -8816 -4776 19958 632 561 626 563 562 END
START 5800 -2496 -16904 -9024 -4966 18127 632 561 626 562 561 END
START 7296 -3200 -17648 -8077 -4639 15163 632 559 625 560 559 END
START 8472 -3480 -18012 -6709 -3704 11338 632 558 625 559 558 END
START 8528 -3264 -18060 -5265 -4190 7611 632 558 624 559 558 END
START 8504 -3012 -17416 -3032 -3228 5155 632 558 625 558 558 END
START 9136 -1708 -17212 -1211 -3582 3105 631 558 625 557 558 END
START 8988 -548 -17112 -462 -2461 1277 632 557 625 557 558 END
START 9084 316 -16376 -81 -1430 180 632 558 625 558 558 END
START 8748 1360 -16284 27 -1372 -308 632 559 625 558 559 END
START 8528 1980 -16000 -204 -1196 -854 631 559 625 558 559 END
START 8428 2600 -15876 -240 -626 -1300 632 559 625 558 559 END
START 8328 3352 -15708 133 -613 -1508 631 559 625 558 559 END
START 8268 4172 -15624 620 -288 -1528 631 559 625 558 559 END
START 7744 4684 -15436 773 395 -1217 632 559 625 558 559 END
START 7376 4916 -15520 970 541 -745 632 559 625 558 559 END
START 7516 5672 -15400 673 638 -539 632 559 625 558 559 END
START 7436 5468 -15232 115 1031 -250 631 559 625 558 559 END
START 7116 5108 -15284 -478 1507 69 632 559 625 559 559 END
START 6980 4872 -14944 -1102 2101 110 632 559 625 559 559 END
START 6856 4216 -15400 -1192 2800 22 632 558 624 558 559 END
START 6992 3744 -15588 -1113 2456 -470 632 559 625 559 559 END
START 7024 2896 -16328 -813 3232 -1857 632 559 625 558 559 END
START 7060 2812 -16772 -138 3502 -3477 631 559 625 558 559 END