START -4520 19188 -18120 -625 3998 4598 626 557 624 574 557 END
START -4516 19208 -18364 -545 4423 4923 626 558 624 574 558 END
START -4708 19424 -19084 -649 6477 6208 626 557 624 574 558 END
START -4380 18952 -19376 -423 7969 7410 627 557 625 575 558 END
START -4160 18564 -18984 -660 9809 8751 627 558 624 574 556 END
START -4044 17928 -18440 -1260 11535 9485 626 558 624 575 558 END
START -4092 16876 -18236 -677 13165 10056 627 558 625 575 558 END
START -4396 17444 -18052 89 15233 11860 627 559 624 575 559 END
START -3604 16712 -17396 -32 15890 13205 627 559 625 575 559 END
START -1712 15364 -16808 -1294 19845 14515 627 559 624 576 560 END
START -3456 13280 -14032 -3704 19030 13075 627 560 625 576 560 END
START -2140 11128 -12312 -5436 17985 12042 627 560 625 577 560 END
START -572 8356 -10652 -6864 18140 11324 627 560 625 577 560 END
START 100 6652 -10520 -6544 18290 10395 628 560 625 577 560 END
START 1552 5816 -9992 -6577 18984 9563 627 560 624 577 560 END
START 2792 5680 -8144 -7081 20193 7259 627 560 624 577 560 END
START 2876 4460 -7276 -7056 20839 4842 627 561 625 577 560 END
START 2828 4360 -6496 -5648 21440 1556 627 561 625 576 561 END
START 3552 4664 -6276 -3464 21384 130 626 561 625 576 560 END
START 4728 5144 -5228 -1386 21327 -1458 627 560 625 576 560 END
START 5112 6700 -3044 -808 21466 -2437 628 560 625 576 560 END
START 5732 6804 -828 -2122 21704 -3470 627 560 625 576 560 END
START 5640 6428 1132 -2665 21425 -4813 628 559 625 576 560 END
START 6468 7824 3472 -2227 21203 -5809 627 559 625 575 559 END
START 6936 8948 4748 -1988 18446 -6019 627 559 625 575 559 END
START 7080 10740 5368 -1556 16257 -5532 627 557 624 575 558 END
START 7556 11568 5984 -502 13443 -4835 628 557 624 575 557 END
START 7392 13352 6248 -60 10597 -4451 627 557 624 575 557 END
START 7476 14748 7064 48 8609 -3755 628 556 624 574 557 END
START 7600 15416 6648 20 5626 -2898 628 557 624 574 557 END
START 7768 15748 6196 484 3300 -2184 627 557 624 574 557 END
START 7948 16172 6012 916 2740 -1453 628 557 624 574 557 END
START 8196 16912 5400 528 4 -1017 628 557 624 575 557 END
START 7520 17508 5148 72 -1885 -221 627 557 624 574 557 END
START 8232 17728 3504 -654 -3040 815 628 557 624 574 557 END
START 8104 17648 2908 -1303 -4350 1685 628 556 624 574 556 END
START 8268 17132 1972 -2101 -5795 2364 628 556 624 573 556 END
START 8352 16516 1456 -2778 -6576 3045 628 555 624 573 555 END