START -2764 17544 -18140 -4845 7515 4836 623 543 622 566 544 END
START -2712 17488 -18220 -5184 7824 5309 622 544 622 566 544 END
START -2092 16372 -18000 -5559 8947 6356 623 543 622 566 543 END
START -1460 15760 -17580 -4903 10478 6936 623 543 622 566 543 END
START -1680 15072 -17176 -4014 12588 7435 622 542 623 566 543 END
START -1572 15260 -16816 -3090 14694 7992 622 542 622 566 542 END
START -908 15456 -16428 -3768 16808 8814 622 542 622 566 542 END
START -540 15176 -15048 -5990 18139 9429 622 542 623 566 542 END
START -196 12544 -14248 -6294 18885 9198 623 542 623 566 542 END
START 988 11544 -12496 -5070 19377 8290 623 542 622 566 542 END
START 1936 11152 -10252 -6056 24519 7803 622 542 622 566 541 END
START 496 10604 -9360 -7357 18743 6330 623 541 622 565 541 END
START 2192 9480 -8248 -8699 19908 6287 623 541 622 565 541 END
START 2868 9472 -8132 -9022 20068 5693 623 539 622 565 540 END
START 3848 9712 -5664 -9534 19723 5598 623 541 622 565 541 END
START 4076 9464 -4268 -9936 19298 5158 623 541 622 565 541 END
START 4528 8116 -2552 -9679 18258 4474 623 540 622 565 541 END
START 4932 8268 -940 -8790 17503 3240 623 541 622 565 541 END
START 5592 8880 1468 -8988 16509 2748 623 541 622 565 541 END
START 5868 8460 3000 -9002 15226 1968 623 541 622 565 541 END
START 5828 9012 3952 -8306 13961 1460 623 541 622 565 541 END
START 6356 9408 4196 -8252 13237 1457 623 541 622 565 541 END
START 7152 9776 3708 -7420 11086 1202 623 541 622 565 541 END
START 8208 8572 3852 -4806 9983 627 623 541 621 565 541 END
START 8784 8892 4832 -1798 9790 271 623 541 622 565 541 END
START 10544 8932 5164 1630 9590 -777 623 541 622 565 541 END
START 9756 9524 6708 3846 8554 -1592 623 541 622 565 541 END
START 9572 11596 6524 5294 7645 -1445 623 541 622 565 541 END
START 9668 13616 6388 4280 5937 -612 623 541 622 565 541 END
START 9932 14540 6088 1823 3487 305 623 541 622 565 541 END
START 10156 13448 6848 1089 2709 508 623 541 622 565 541 END
START 10320 13504 6588 1837 852 392 623 541 622 565 541 END
START 10420 13608 6344 2681 305 434 623 541 622 565 541 END
START 10268 13744 6300 2142 -1648 499 623 541 622 565 541 END
START 10348 13280 5920 2252 -3290 502 624 541 622 565 541 END
START 10396 13596 4944 2014 -3736 866 623 541 622 565 541 END