START -2748 16784 -15296 -1473 3277 1133 624 552 623 571 552 END
START -2848 16920 -15608 -1434 3528 1448 625 552 623 571 552 END
START -3556 17292 -16548 -1631 4633 2323 625 552 623 571 552 END
START -3572 17416 -16996 -2033 6185 3655 625 552 622 570 552 END
START -3304 17268 -17876 -2339 7528 4585 625 552 623 570 551 END
START -3096 17180 -17920 -2728 8859 5243 625 551 623 570 551 END
START -2952 16896 -17432 -3789 10516 6194 625 551 623 569 551 END
START -2184 16224 -17284 -4862 12131 6722 625 551 623 570 551 END
START -2296 16740 -16764 -6498 13822 7617 625 551 623 570 551 END
START -1632 16028 -16044 -8743 15163 8299 625 550 623 569 550 END
START -536 14616 -14360 -10424 15626 8207 625 549 623 569 549 END
START -740 13492 -12544 -10996 16134 8015 625 549 623 568 549 END
START 624 12316 -10900 -9626 16796 7733 624 548 623 568 549 END
START 1592 11516 -8512 -7722 16821 7785 624 549 623 568 549 END
START 1444 10336 -7696 -6437 17380 7858 625 549 623 568 549 END
START 2700 10480 -7080 -4904 18308 7615 625 549 623 568 549 END
START 3268 10892 -6112 -5091 18953 7535 625 549 623 568 549 END
START 4152 10100 -4936 -5141 19310 6873 625 550 623 568 550 END
START 4412 8584 -3864 -4195 19119 5676 625 550 622 568 550 END
START 4664 8564 -3004 -2655 18465 4911 625 550 623 568 550 END
START 5408 9036 -1876 -2907 17660 4513 625 550 622 568 550 END
START 6244 9080 -28 -4301 17191 3552 625 550 623 568 549 END
START 6784 8484 2028 -5198 16838 3294 625 550 623 568 550 END
START 6616 8372 2432 -5600 16533 3512 625 550 622 568 550 END
START 7264 8032 2988 -5640 15216 3532 625 549 622 567 549 END
START 8004 7940 3128 -4330 13771 1960 625 548 622 567 548 END
START 8292 8712 4064 -2491 12472 183 625 548 622 567 548 END
START 8732 9616 4872 -197 12444 -954 625 548 621 567 548 END
START 8532 11100 6008 956 11211 -1990 625 547 622 567 547 END
START 8260 12504 7120 985 9507 -2093 625 547 622 566 546 END
START 8364 13256 6880 219 6684 -1988 625 546 622 566 546 END
START 8788 13920 6868 1082 4871 -1424 625 546 622 566 546 END
START 8780 14204 6476 2293 2654 -458 625 546 622 566 546 END
START 8796 15152 5320 3003 1714 280 625 545 622 564 546 END
START 9224 15976 4396 2522 1410 850 625 545 622 565 545 END
START 9592 16072 3868 1472 24 963 625 545 622 565 545 END
START 9600 15668 3512 518 -1024 299 625 545 622 565 545 END
START 9544 15584 3776 194 -2170 132 625 545 622 565 545 END
START 9684 15676 4252 261 -2968 574 625 545 621 565 545 END
START 9612 14876 4916 413 -4036 1509 625 545 622 564 545 END