START -3016 18004 -16152 -381 3338 2884 623 545 623 565 545 END
START -2960 17964 -16376 -485 3999 3223 623 545 623 565 545 END
START -3400 18072 -16896 -945 5613 4291 623 545 623 565 545 END
START -3356 18136 -17200 -1451 7027 5489 623 545 623 565 545 END
START -3152 17308 -16996 -1941 7983 6661 623 545 623 565 545 END
START -2904 16120 -16852 -2598 9208 7061 623 545 623 565 545 END
START -2916 15340 -16744 -2538 10586 6931 623 545 623 565 545 END
START -3236 15716 -16332 -2948 12343 7852 623 545 623 565 545 END
START -1984 14764 -16340 -4237 13931 8851 624 545 623 565 545 END
START -988 13708 -15200 -3485 14046 8744 623 545 623 565 545 END
START -1032 13920 -13716 -3628 15860 8469 623 545 623 565 545 END
START -900 13376 -12412 -5014 18300 9498 624 545 623 565 545 END
START -480 11524 -10576 -6007 16509 8476 624 545 623 565 545 END
START 1504 11072 -9732 -5983 16889 8117 625 545 623 565 545 END
START 2928 10420 -9156 -6334 18352 8235 625 545 623 566 545 END
START 2896 9388 -6228 -8285 17376 6291 625 546 623 566 545 END
START 2964 8188 -5540 -7837 16252 6264 625 545 623 566 544 END
START 4372 7328 -5428 -9117 16727 4026 625 545 623 566 545 END
START 4228 8592 -4372 -9675 17264 3396 626 546 623 566 546 END
START 4528 8908 -3460 -10822 16725 2159 625 546 623 566 546 END
START 5248 8308 -2696 -12051 17293 494 625 546 623 566 545 END
START 6020 8064 -1920 -12163 17525 -772 626 546 623 566 545 END
START 5648 7688 -1520 -11902 16919 -2721 625 546 623 567 546 END
START 6712 8272 -40 -10050 17558 -4242 626 547 624 567 547 END
START 6928 8768 1500 -7270 16705 -4340 626 547 624 567 547 END
START 6656 8824 2784 -4803 16284 -4558 626 547 623 568 547 END
START 6960 10248 3940 -2871 15915 -5059 626 547 623 568 547 END
START 8244 11108 3888 -1625 15501 -4792 627 547 623 568 547 END
START 7224 11648 5640 -880 13180 -4391 626 547 623 569 548 END
START 6940 12300 5704 139 10918 -4175 627 548 623 568 548 END
START 7096 13356 5948 403 9099 -3828 626 547 623 568 548 END
START 6776 13868 6628 540 6893 -3494 626 548 623 567 548 END
START 6804 13788 6496 992 4980 -3015 626 548 623 569 548 END
START 6840 14312 6336 1883 3654 -2514 627 548 623 569 548 END
START 6516 14884 6344 2471 1748 -1978 627 548 623 569 548 END
START 6412 15408 6124 2444 307 -1567 626 548 623 569 548 END
START 6492 15952 5760 2343 -1241 -1241 626 548 623 569 548 END
START 6308 16476 5244 2241 -2769 -843 626 548 623 568 548 END
START 6312 17004 4892 2035 -4320 67 627 548 624 569 548 END
START 6296 17144 4428 2095 -5567 929 626 548 624 568 548 END