START -1852 17404 -16232 484 1499 586 622 543 623 565 543 END
START -1868 17584 -16692 234 1876 801 622 543 623 564 543 END
START -2008 18068 -17300 -600 2814 1482 622 543 623 565 543 END
START -2660 18336 -17800 -2323 4399 2250 622 543 623 564 543 END
START -2920 18228 -17988 -3549 5600 3155 622 543 623 564 543 END
START -3296 17980 -17940 -4657 7363 3934 622 543 623 565 542 END
START -3732 17508 -17744 -5179 8682 5438 622 543 623 564 543 END
START -3240 16448 -17480 -4816 10213 7039 622 543 623 564 543 END
START -2916 15480 -16688 -3707 11780 8357 622 543 623 564 543 END
START -2856 14764 -16268 -2481 13057 9024 622 543 623 564 543 END
START -2156 14404 -15368 -2555 14626 9277 622 544 623 565 543 END
START -1592 14088 -14556 -4701 15139 9949 623 543 623 565 543 END
START -380 13524 -13196 -6912 16090 9911 623 543 623 565 543 END
START 16 12700 -11788 -8765 16399 9681 623 544 623 565 544 END
START 728 11924 -10660 -10147 16388 8937 623 544 623 565 543 END
START 1560 10984 -9156 -11179 16684 8407 623 543 623 565 542 END
START 2712 10572 -8892 -10580 21201 9652 623 543 623 565 543 END
START 2312 8956 -6444 -10931 15263 8058 623 543 623 565 543 END
START 3124 8372 -6524 -7696 15359 7433 623 543 622 565 543 END
START 3980 8328 -6028 -6277 16134 7017 623 543 623 565 543 END
START 4636 7880 -5756 -4812 15165 6017 624 544 624 565 544 END
START 5272 7104 -4736 -5318 16485 4160 624 544 623 565 544 END
START 4984 6892 -4456 -5256 16764 2286 624 544 623 565 544 END
START 5676 8232 -3108 -6125 17958 1278 624 544 623 565 544 END
START 5708 8600 -1824 -7938 18016 -28 624 545 623 565 545 END
START 6204 8008 -220 -9188 16778 -1390 624 545 623 566 545 END
START 6496 7204 764 -8750 16300 -2661 624 545 623 566 545 END
START 6584 7772 1836 -6968 15596 -3873 625 545 624 566 545 END
START 7868 9064 2612 -4385 16380 -4191 624 545 623 566 545 END
START 7524 9488 3868 -2791 15166 -4451 625 545 623 566 546 END
START 7468 9724 4052 -1048 13616 -5386 625 545 623 567 545 END
START 7572 11500 4732 471 12841 -5952 625 545 623 567 545 END
START 7324 13060 5264 642 11535 -5352 625 546 623 567 545 END
START 7160 13644 5956 404 9872 -4537 625 546 623 567 545 END
START 7564 13996 5792 281 7609 -4213 625 546 623 567 545 END
START 7848 14864 5720 89 6550 -3412 625 546 623 567 546 END
START 7716 14304 6272 96 4859 -2913 625 546 623 567 546 END
START 7556 14736 6016 212 3628 -2662 625 546 623 567 546 END
START 7184 16004 5264 258 2444 -2258 625 546 624 567 546 END
START 7300 16340 4132 -129 1363 -1606 625 546 623 567 546 END
START 7576 16168 3524 -49 629 -1071 626 546 623 567 546 END
START 7156 16356 2960 -145 -54 -556 625 546 623 567 546 END
START 7340 16024 2520 -321 -347 -122 626 546 624 567 547 END
START 7308 15828 2132 -600 -461 3 626 546 623 568 546 END
START 7344 15496 1856 -902 -854 -66 626 547 623 567 547 END
START 7228 15456 1972 -1093 -1187 15 625 547 623 567 547 END
START 7428 14496 2380 -537 -1499 317 626 546 623 568 547 END
START 7696 14156 2716 839 -1663 518 625 547 623 568 547 END
START 7712 14364 3156 2292 -2056 880 626 546 623 567 546 END
START 7736 14552 3592 3553 -2310 1484 625 546 623 568 546 END
START 7928 14576 3840 4872 -3133 2147 625 545 623 567 544 END
START 7788 15092 4172 5602 -3705 2609 625 544 623 566 545 END