START -2072 17768 -16328 -2480 8058 6174 623 546 622 568 546 END
START -2056 17832 -15660 -2508 7772 6441 622 546 622 567 546 END
START -1088 16976 -14976 -2587 9401 7533 623 546 622 567 546 END
START -1136 16068 -14672 -3077 11029 7617 623 546 622 567 546 END
START -1368 16760 -14132 -4445 12510 8094 622 546 622 567 546 END
START -1004 16420 -13448 -6740 13261 9227 623 546 622 567 546 END
START -380 15680 -12616 -8455 14031 9831 623 546 622 567 546 END
START -148 14184 -11628 -8855 14449 10065 623 546 622 567 546 END
START -172 14480 -10564 -8331 15260 11183 623 546 622 567 546 END
START 420 14048 -10456 -9046 15334 12362 623 546 622 567 546 END
START 2016 12300 -8984 -10224 15929 12352 623 546 622 567 546 END
START 2612 12092 -8048 -10768 17225 11311 623 546 622 567 546 END
START 2080 13096 -7188 -13072 17857 10548 623 546 622 567 546 END
START 2856 11256 -5624 -14384 17683 9765 623 546 622 567 546 END
START 3860 9248 -4284 -9243 16591 8692 623 546 622 567 546 END
START 4960 8368 -2912 -3497 15371 7703 623 546 622 567 546 END
START 5740 7932 -1428 682 14021 7120 623 546 622 567 546 END
START 6244 8636 -1120 1396 15567 5860 623 545 622 567 545 END
START 6820 10000 28 -1147 16688 5177 623 546 622 567 545 END
START 6952 9236 1168 -3971 16570 4605 622 545 621 567 545 END
START 7296 8004 1800 -4151 15057 3208 623 545 621 567 545 END
START 7852 7116 2936 -1887 14026 2340 623 545 622 567 545 END
START 10680 8708 3704 482 13621 1441 623 545 621 567 545 END
START 8052 9312 4072 855 12568 128 623 545 622 567 545 END
START 8364 10364 4956 -560 11693 -251 623 545 621 567 545 END
START 8920 9048 5588 -951 11492 -1377 623 545 621 567 545 END
START 9276 9500 5320 -329 10179 -2810 623 545 621 567 545 END
START 9364 9920 5240 1288 8639 -2904 623 544 621 567 544 END
START 9220 11556 4960 2140 7387 -2252 623 544 621 567 545 END
START 9400 12976 4924 1764 6638 -1110 623 544 621 566 545 END
START 9536 13020 4604 1658 5670 -767 623 544 621 567 544 END
START 9736 13580 4260 2424 4877 -799 623 544 621 567 544 END
START 9164 15164 4816 1850 4181 -463 622 544 621 567 544 END
START 9420 15024 5548 572 3030 155 623 544 621 567 545 END
START 9824 14196 6260 603 1936 136 623 545 621 567 545 END
START 9884 13804 6756 1314 1098 89 623 544 621 567 544 END
START 9800 14128 7896 1238 73 871 623 544 621 567 544 END
START 10104 13104 8420 1306 -1626 1320 623 544 621 567 544 END
START 10300 12476 8976 1418 -3133 1371 623 544 621 567 544 END
START 10060 12380 8960 1061 -5008 1327 623 544 621 567 544 END