START -4104 19224 -19156 -1036 4919 4022 619 539 621 560 539 END
START -4112 19300 -19232 -1380 5367 4323 619 538 622 560 539 END
START -4108 19236 -18824 -2626 7069 5805 619 539 622 559 539 END
START -3736 18288 -18560 -3337 8481 7118 619 538 622 560 538 END
START -3132 17624 -17700 -3321 9864 7929 619 538 621 560 539 END
START -2896 17404 -16904 -4146 11505 8667 619 539 622 560 539 END
START -2932 16460 -16488 -4883 12878 9385 619 539 622 560 539 END
START -2404 15140 -15564 -4626 13955 10055 619 538 622 561 539 END
START -2452 13980 -14956 -4062 14750 10098 619 539 622 560 538 END
START -1880 13268 -13800 -3693 15638 10104 619 539 622 561 539 END
START -1268 12584 -12804 -4105 16435 9741 619 539 622 561 539 END
START -1080 12408 -11452 -5986 17260 9797 619 539 622 561 539 END
START 124 11244 -10076 -8411 17244 9365 620 539 622 561 539 END
START 516 10180 -9400 -9708 16906 8822 620 539 622 562 539 END
START 1500 9172 -8372 -9782 16754 8547 620 539 622 562 540 END
START 2388 7620 -7484 -7432 16135 7527 620 540 622 562 540 END
START 3416 7320 -6632 -4515 16493 6550 620 540 622 562 540 END
START 4076 8128 -6156 -2390 17278 6171 621 540 622 562 540 END
START 4268 8216 -5616 -1174 16860 5876 621 539 622 562 540 END
START 4596 7472 -5104 -1564 16090 4839 621 540 622 562 540 END
START 5356 7712 -4868 -1185 16354 3627 620 540 622 562 540 END
START 5788 8284 -4340 -715 16238 2557 621 539 622 562 540 END
START 5604 9400 -2692 -1641 16341 1750 621 540 622 562 540 END
START 6396 9288 -2072 -3128 16213 542 621 539 622 562 539 END
START 6856 8496 -1348 -3012 14963 -792 622 539 622 562 539 END
START 6804 8840 -404 -2616 14769 -1398 622 539 622 562 539 END
START 7624 9196 -500 -1922 14848 -2017 622 539 623 562 539 END
START 7676 10008 708 -1378 13970 -2786 622 540 623 563 539 END
START 8500 10724 1760 -954 13207 -4191 622 539 623 562 539 END
START 7948 10972 2208 -1490 11894 -4998 622 539 622 563 539 END
START 8208 11688 2904 -1500 11717 -5362 623 540 623 563 540 END
START 8188 12068 4236 -2056 9256 -5820 623 540 622 563 540 END
START 8536 12568 4620 -1860 7315 -5037 623 540 623 563 540 END
START 8872 13296 4672 -1737 6396 -4395 623 540 623 563 540 END
START 8476 13768 4876 -1819 3979 -3478 623 540 623 564 540 END
START 9128 14452 3964 -1328 2565 -2525 624 540 623 564 540 END
START 9328 14728 3384 -422 1645 -1823 623 540 622 563 539 END
START 9116 14924 2244 307 924 -1356 623 540 623 564 540 END
START 9128 15692 1828 422 659 -1012 624 540 623 563 540 END
START 9004 15752 1504 -6 134 -741 623 540 623 564 540 END
START 8788 15740 1420 -548 -457 -444 624 541 623 564 541 END
START 8824 15532 1056 -1111 -1022 241 624 540 623 564 541 END
START 9108 14844 632 -1193 -1140 549 623 541 622 564 541 END
START 9200 14780 796 -805 -1244 782 624 541 623 564 541 END
START 9284 14472 824 -30 -1170 1085 623 541 623 564 541 END
START 9032 14524 1884 775 -2092 1376 624 541 623 564 541 END
START 9024 14588 2520 1796 -3043 1806 624 539 622 564 540 END
START 8684 15224 3128 2574 -4135 2897 624 540 623 564 540 END
START 8648 14960 3044 1962 -5228 4374 623 540 623 564 540 END