START -5760 20800 -16168 -1899 6038 5886 620 543 620 564 542 END
START -5968 20792 -16004 -2099 6621 6499 620 543 620 565 543 END
START -5868 20720 -16128 -3146 8158 9020 620 543 620 565 543 END
START -5308 20356 -15020 -5160 9515 12438 621 543 620 564 543 END
START -4664 18244 -13804 -7266 10815 14907 621 543 620 565 543 END
START -5024 15388 -13816 -6894 12404 15355 620 543 620 565 543 END
START -3756 13476 -13860 -3063 13210 15532 621 543 620 565 543 END
START -2040 12536 -14536 1572 13864 15309 621 545 620 565 545 END
START -656 13336 -13812 3310 15650 14052 622 546 620 567 546 END
START -408 13128 -12252 1431 17058 12297 622 547 621 568 547 END
START -80 12816 -9796 -1905 18865 10767 622 548 621 568 547 END
START 464 11332 -9348 -4345 18093 9630 623 548 621 568 548 END
START 880 11392 -8672 -5655 17814 9345 623 548 621 568 548 END
START 1824 11128 -8160 -6248 17926 8867 623 548 621 568 548 END
START 3640 10660 -7408 -5353 19230 7945 623 548 621 568 548 END
START 3664 11340 -6736 -5348 18631 6890 623 548 621 568 548 END
START 4656 10680 -5376 -4600 21497 6738 623 548 621 568 548 END
START 4892 9636 -4604 -2632 19647 5890 623 549 621 568 548 END
START 5928 9860 -3148 -981 19519 4193 624 548 621 568 549 END
START 5876 9536 -1288 334 18137 4460 624 548 621 569 548 END
START 6616 8852 1800 -1242 17105 2294 624 548 621 568 548 END
START 6788 8668 2348 -2166 16676 402 623 548 620 568 548 END
START 6852 8644 3772 -1789 15672 -434 623 547 621 567 548 END
START 6512 8616 5516 -465 13490 -1794 624 547 621 568 547 END
START 7884 8912 5720 2298 11705 -1856 624 547 621 568 547 END
START 8836 9380 5792 4331 10333 -1636 624 547 621 568 547 END
START 9716 10160 5728 5953 10199 -528 623 547 621 568 547 END
START 9328 11432 5660 6784 7329 -434 624 547 621 568 547 END
START 8668 13040 6192 6160 4394 29 624 547 621 568 547 END
START 9616 14228 5536 4600 2621 910 624 547 621 568 546 END
START 9864 14464 5192 2856 848 1658 624 547 621 568 546 END
START 11116 14092 3400 2177 415 1898 624 546 621 568 546 END
START 10944 13500 5004 1074 -1209 1260 624 546 621 568 547 END