START -2592 17312 -17648 -2713 7134 5004 624 547 622 567 547 END
START -2452 16948 -17176 -2603 7600 5213 624 547 622 567 547 END
START -1440 15832 -16184 -2143 8539 6020 624 547 622 567 547 END
START -1320 13876 -15240 -1144 10145 6531 624 547 623 567 547 END
START -1752 13420 -15728 66 12328 6883 624 547 622 567 547 END
START -1164 13712 -16352 678 14249 7370 624 547 622 567 547 END
START -500 13212 -16404 549 16171 7715 624 547 623 567 548 END
START -52 12816 -15376 323 17472 7007 624 547 622 567 547 END
START 412 13012 -13368 -1254 18160 5927 624 547 622 568 547 END
START -152 13076 -12040 -3365 18002 5688 624 547 623 567 547 END
START 264 12696 -10996 -7197 18041 6914 624 547 622 567 547 END
START 2048 12032 -9952 -9152 17356 7076 624 547 622 567 547 END
START 2432 10988 -9260 -10484 17686 6616 624 547 622 567 547 END
START 3388 11220 -8300 -10453 18141 6223 624 547 622 567 546 END
START 3768 10868 -7052 -10733 18257 6282 624 546 623 566 546 END
START 3776 10300 -6176 -10279 18609 5950 624 546 623 567 546 END
START 4560 9452 -4764 -7973 18289 5349 625 545 623 566 545 END
START 5228 8264 -2848 -5177 17633 4856 624 544 623 566 544 END
START 5604 7564 -720 -3040 17799 3849 624 543 622 565 543 END
START 5268 8100 -676 -2390 18264 3256 624 543 623 565 543 END
START 5848 8584 -148 -988 17189 2553 625 541 622 564 541 END
START 6376 8464 48 1213 16655 1934 624 540 622 563 540 END
START 7004 9776 848 3740 15590 986 624 540 622 563 540 END
START 7476 10604 2036 5110 15052 37 624 540 623 563 540 END
START 7596 11348 3180 6353 14770 -421 624 540 622 562 539 END
START 7700 11528 3304 6473 13093 -1023 624 539 622 563 539 END
START 8032 11580 3780 6924 11092 -1034 624 539 622 563 539 END
START 8652 11840 2900 7196 8801 -643 624 538 622 562 538 END
START 8860 12836 1228 6857 7283 92 624 538 622 562 538 END
START 9100 13604 616 5664 6862 440 624 536 622 562 538 END
START 9360 14912 192 2538 6975 390 624 538 622 562 538 END
START 10100 15168 360 -97 7558 100 624 538 622 562 538 END
START 9356 13608 1160 -811 3925 -620 624 538 622 562 538 END
START 9744 14648 1780 478 4864 -928 624 538 622 562 538 END
START 9872 14740 2660 923 3363 -429 624 538 622 562 538 END
START 10204 13936 3228 2262 2510 290 624 537 622 562 538 END
START 10456 13660 4156 3521 1334 849 624 538 622 562 538 END
START 10304 13832 4680 3160 161 728 624 538 622 561 538 END
START 10620 13564 5072 1534 -1104 -78 624 538 622 562 538 END
START 10564 12876 4956 409 -2459 -983 624 538 622 563 538 END