START -2348 16104 -17872 -3535 8997 5459 620 544 621 567 544 END
START -2196 15832 -17768 -3152 9289 5623 620 544 620 567 544 END
START -1868 15652 -16680 -2209 10947 6281 620 544 621 567 544 END
START -2064 15176 -15996 -2589 12856 6948 620 544 620 567 544 END
START -1376 14832 -15712 -3535 13905 7642 621 544 621 567 544 END
START -368 14504 -14800 -4741 15029 7713 620 544 621 567 545 END
START -104 14376 -13516 -6327 16297 8022 621 545 620 567 545 END
START -220 14176 -12372 -9271 17105 8363 621 544 620 567 545 END
START 312 13120 -11192 -10218 17586 8707 621 545 621 567 545 END
START 1344 12364 -9580 -9497 17395 8584 622 545 621 567 546 END
START 1676 12488 -8280 -9834 17874 9260 622 546 621 567 546 END
START 2396 11364 -7496 -10598 18178 10057 622 546 621 567 546 END
START 3300 10424 -6040 -9659 18448 9568 622 546 621 567 546 END
START 3796 10160 -4528 -8220 18424 8446 622 546 621 567 546 END
START 4644 9476 -3332 -7089 18275 7927 622 546 621 567 546 END
START 5492 8716 -2220 -4289 17581 6788 622 546 621 567 546 END
START 6300 9164 -1164 -2074 16497 6104 622 546 621 567 546 END
START 6556 8584 576 -886 16432 5383 622 546 621 567 546 END
START 6936 8024 624 700 15463 4227 623 546 621 567 546 END
START 7548 8448 1340 1586 15913 2891 622 546 622 567 546 END
START 7564 10000 1436 1368 15422 2607 623 546 621 567 546 END
START 8600 10172 2456 -908 14824 1822 623 546 621 567 546 END
START 8540 9532 3724 -1493 15001 1136 623 546 621 567 545 END
START 8648 9308 3964 -113 13595 336 623 545 621 567 546 END
START 8840 10028 5136 1297 12081 -359 623 546 622 567 545 END
START 9180 9884 6676 2059 10525 -1353 623 545 620 567 544 END
START 9300 10124 7236 3192 8561 -2326 623 545 621 566 545 END
START 9084 11088 6508 4062 7270 -2369 623 545 621 566 545 END
START 9348 12508 5880 3395 5748 -2198 623 545 621 566 544 END
START 9064 13684 5432 2314 4465 -1643 623 545 621 566 545 END
START 9676 14148 4468 1818 3534 -728 623 545 621 567 544 END
START 9944 14352 3780 1324 1455 -304 623 544 621 566 544 END
START 10196 14840 3568 1192 1054 -188 623 544 621 567 544 END
START 9940 14988 4040 551 392 76 623 544 620 566 545 END
START 10136 14840 4088 205 -240 416 623 544 621 567 544 END
START 10172 14776 4676 -53 -1073 890 623 545 621 567 545 END
START 10652 14084 5356 68 -2381 1388 623 544 621 567 545 END
START 10828 13036 6320 1299 -3752 1723 623 544 621 566 545 END
START 10876 12640 6628 2541 -5052 1895 623 545 621 566 543 END