START -1228 11584 -5956 9003 -1295 -268 620 550 623 563 550 END
START -1224 11740 -6508 9600 -1328 -696 620 550 623 563 550 END
START -1252 12676 -7448 10668 -951 -1866 620 550 623 563 550 END
START -1580 14256 -8180 9866 -611 -2391 620 550 623 563 550 END
START -1776 14872 -8592 7110 -717 -2114 620 550 623 563 550 END
START -1432 14960 -9056 4259 19 -1591 620 550 623 562 550 END
START -1384 14804 -9676 3069 -1426 -1350 620 550 623 562 550 END
START -1772 15376 -11184 3601 -1454 -1505 620 550 623 562 550 END
START -2648 17152 -13592 4155 -305 -1135 619 550 623 561 550 END
START -3536 20044 -16364 3538 1790 252 620 549 623 561 550 END
START -3584 21768 -18420 1574 4215 2556 620 550 623 561 549 END
START -3692 22616 -19120 115 6304 5071 620 550 623 561 550 END
START -4108 21604 -19420 42 8045 7552 620 549 623 561 550 END
START -3484 20968 -19200 395 9999 9461 620 550 623 560 550 END
START -3224 20356 -18200 285 12534 10615 620 549 623 559 550 END
START -2812 19404 -18160 -1062 14668 11595 620 550 623 558 550 END
START -1568 18360 -16728 -2912 16338 11916 620 550 624 557 550 END
START -1496 16080 -15272 -3801 17399 11887 621 550 624 555 550 END
START 792 14744 -12876 -5707 23771 13384 621 550 624 555 549 END
START -628 13036 -10752 -7528 18001 11603 621 550 624 554 550 END
START 740 10768 -8804 -11390 19351 10361 622 549 624 553 549 END
START 716 10292 -6548 -13686 19675 9664 622 548 624 551 548 END
START 52 8344 -3756 -16627 16950 8585 623 547 624 551 548 END
START 1744 6872 -3772 -17021 16814 7778 622 546 624 552 547 END
START 1960 5364 -1636 -14445 15380 5955 623 546 624 551 545 END
START 4016 5640 -2000 -12926 16596 3619 623 545 624 552 545 END
START 4316 6280 -980 -10319 16337 2132 624 544 624 550 544 END
START 4224 6852 -104 -8181 15379 913 624 542 623 551 542 END
START 5044 7296 480 -6697 14610 99 624 542 624 551 541 END
START 6108 7496 496 -6235 14750 -436 624 540 624 550 541 END
START 6076 7628 1284 -4192 13787 -1441 624 540 624 550 540 END
START 6608 8588 1792 -2191 12669 -2436 624 539 624 549 539 END
START 6324 9656 2900 -1084 11551 -3693 624 538 624 550 538 END
START 6928 10564 3296 -813 11059 -4773 624 538 624 550 538 END
START 7272 10772 3924 389 9944 -5065 624 538 624 550 537 END
START 7392 11724 4180 1294 8084 -5391 624 537 624 550 537 END
START 8176 12896 3568 2069 7683 -5051 624 537 624 551 536 END
START 7440 14260 3676 1510 7283 -5069 624 537 623 551 537 END
START 7584 14872 3528 525 5466 -5259 624 537 623 552 537 END
START 7772 15400 3724 314 4549 -5225 625 537 624 550 537 END
START 7928 15616 4404 560 3542 -4507 624 537 623 551 537 END
START 7564 16212 3712 140 2494 -3513 624 537 623 552 537 END
START 7960 15732 3884 237 1636 -2841 624 537 624 553 538 END
START 7856 15372 4028 679 685 -2439 624 538 623 553 538 END
START 7500 15984 4296 1018 730 -1848 624 538 623 553 538 END
START 7084 16136 4436 1004 -727 -890 624 538 623 553 538 END
START 6960 16472 4048 971 -1762 144 624 538 623 554 538 END
START 6636 16524 3656 476 -2251 1000 624 538 623 555 538 END
START 7072 16320 2760 44 -2380 1330 625 538 623 556 538 END
START 7084 16292 2596 -97 -2209 1025 624 539 623 556 538 END
START 6804 17012 2520 -620 -3011 1089 624 539 623 557 539 END
START 7056 17012 2652 -742 -3301 1550 624 539 623 557 539 END
START 7168 16692 3052 -153 -4326 2166 624 539 624 557 539 END
START 7228 16072 3332 728 -5039 2946 623 538 624 557 539 END
START 7252 15500 3700 1385 -5803 3706 623 538 624 557 538 END
START 7356 14948 3848 2056 -6289 3979 623 538 624 557 538 END
START 7112 14748 3296 2719 -6048 4080 623 538 623 557 538 END
START 7200 14628 3108 1860 -7371 3639 623 537 623 557 537 END
START 7532 14112 2672 1847 -7507 3630 622 537 624 557 537 END
START 7688 13060 2492 1909 -8922 3174 622 536 623 557 536 END