START -5064 19492 -17768 -1618 4230 3808 625 550 624 569 549 END
START -5388 19504 -17356 -2061 4364 4146 625 549 624 569 550 END
START -5808 19480 -18312 -3693 5148 5570 625 549 624 569 549 END
START -5340 18932 -18692 -5282 6743 6611 625 549 623 569 549 END
START -4664 18104 -18932 -4140 7873 7997 625 549 624 569 549 END
START -4160 17356 -18616 -3147 9342 9235 625 549 624 569 548 END
START -3712 16196 -18424 -2240 11933 9801 625 549 624 569 549 END
START -3372 15540 -17828 -1439 13907 10167 625 549 624 569 549 END
START -3552 14772 -17360 -563 15884 10394 626 549 624 569 549 END
START -3060 14244 -16372 -319 17146 10622 625 550 624 570 549 END
START -2916 13496 -15268 -1716 18339 10960 625 549 624 569 549 END
START -2520 13028 -13984 -3535 19543 10633 626 549 624 569 549 END
START -2000 12072 -11728 -6627 19533 9777 625 549 624 569 549 END
START -1412 11348 -9672 -9213 19405 8905 626 549 624 570 549 END
START -748 11340 -8432 -12443 19244 8472 626 550 624 569 550 END
START -580 10532 -7896 -14666 18107 8694 626 550 624 570 550 END
START 500 9892 -7244 -14563 17800 8642 626 550 624 570 550 END
START 1984 8924 -5988 -13344 17343 8764 626 550 624 570 550 END
START 2872 6716 -5028 -12501 16836 6234 626 550 624 570 550 END
START 4432 4960 -3612 -8556 17513 5352 626 550 624 570 550 END
START 4132 6092 -2076 -6312 17938 3343 626 550 624 570 550 END
START 4720 5816 -752 -5553 18297 3576 626 550 624 570 551 END
START 5940 5544 -80 -4431 18828 2031 626 550 624 570 550 END
START 6256 5688 888 -3053 17295 357 626 550 624 570 550 END
START 6564 7324 1904 -2186 17286 -1016 626 551 623 571 551 END
START 6844 8696 2756 -2258 16325 -1718 627 551 624 571 550 END
START 7212 8840 4004 -1663 15669 -2411 626 551 624 570 551 END
START 8208 10084 3344 78 14079 -3190 627 551 624 571 551 END
START 8024 11772 4428 1263 12046 -3316 626 551 624 571 551 END
START 8600 12532 5172 1847 10673 -2765 627 551 624 571 551 END
START 9000 12932 5820 2827 8827 -2707 626 551 624 571 551 END
START 8912 13244 6076 4262 6690 -2830 626 551 624 571 551 END
START 8988 15292 6204 4656 5650 -2615 626 551 624 571 551 END
START 8884 16824 6144 3527 4063 -1504 627 551 623 571 551 END
START 9284 16608 6384 2327 1923 -150 626 551 624 571 551 END
START 9128 15916 7204 2364 171 664 626 551 624 571 551 END
START 9312 15632 7704 1809 -214 984 626 551 624 571 551 END