START -3660 16728 -15796 -2663 3028 1846 623 554 623 573 554 END
START -3776 17004 -16240 -2803 3312 2171 624 554 623 573 554 END
START -4316 17880 -17812 -4373 4479 3369 624 554 623 573 554 END
START -4432 17764 -19228 -5429 5881 4670 625 554 623 573 554 END
START -3936 17320 -19000 -5361 7157 5913 624 554 623 573 554 END
START -3612 16748 -17984 -5698 8211 7082 624 554 623 573 554 END
START -2992 14780 -16952 -5274 9225 7839 624 553 623 573 553 END
START -2480 13256 -16792 -2121 10126 8302 624 552 623 572 553 END
START -2224 12868 -16344 -662 11642 8356 624 552 623 571 552 END
START -1836 13228 -16736 327 14081 9372 624 552 623 571 552 END
START -1260 12864 -16960 -116 15895 10042 623 552 623 571 552 END
START -484 12328 -16088 -1116 18452 9436 624 550 623 571 551 END
START -600 11264 -14100 -940 17940 8032 624 551 623 570 551 END
START 48 10340 -12780 -1610 18286 6641 625 551 622 570 551 END
START 604 9756 -11324 -2738 22259 6634 624 551 623 570 552 END
START 288 9108 -9988 -4516 19367 5561 625 551 623 570 551 END
START 1460 7696 -9724 -4296 18935 5121 625 551 623 570 551 END
START 1716 8852 -8844 -4024 18321 4889 625 551 623 570 551 END
START 2984 8348 -7236 -6239 20377 3927 625 551 623 570 551 END
START 3624 8512 -5832 -7706 20968 2864 625 551 623 570 551 END
START 4052 7516 -4716 -7857 19483 1655 626 552 623 570 552 END
START 4772 8632 -3576 -7624 18847 565 626 552 623 570 552 END
START 5348 8452 -2120 -8424 18803 -233 626 552 623 569 552 END
START 5776 8952 -256 -9262 19128 -1475 627 552 623 570 553 END
START 6784 8872 968 -8683 18847 -2041 626 553 623 570 553 END
START 6684 8532 2500 -7352 17295 -2586 627 553 623 571 552 END
START 7756 9172 4308 -4664 15326 -2735 626 553 623 571 553 END
START 7308 9228 5508 -1566 13554 -2100 627 553 624 570 553 END
START 8060 10744 5600 1397 12793 -1907 627 553 623 571 553 END
START 7644 12320 4608 3268 9826 -1815 627 552 623 571 552 END
START 7764 13980 3700 4136 7774 -1111 627 552 623 571 552 END
START 8248 14840 2032 3884 5414 -379 627 552 623 571 552 END
START 8780 15276 784 3684 4876 -173 627 552 623 570 552 END
START 8672 15308 356 3486 4355 -174 627 552 623 571 552 END
START 8224 15728 524 2385 3460 -200 627 552 623 571 552 END
START 8604 15848 504 370 3282 -388 627 552 623 571 552 END
START 8908 15208 964 -992 2526 -764 627 552 623 571 552 END
START 9016 14332 1980 -1093 1186 -846 628 553 623 571 552 END
START 9188 14116 2916 -277 121 -621 627 552 623 571 553 END
START 9104 13912 3492 772 -1326 352 627 552 623 571 552 END
START 8936 13436 4132 2002 -2534 1148 627 553 623 570 552 END
START 8756 13988 4692 3119 -3877 1835 627 553 623 571 552 END