START -3516 20520 -18384 -4517 5511 3408 620 541 623 563 540 END
START -3612 20732 -18552 -4885 6127 3974 620 541 623 563 541 END
START -4000 20580 -19104 -5679 7660 6025 620 541 623 563 542 END
START -3832 20080 -19356 -5115 9387 7524 620 540 623 563 541 END
START -3328 19808 -19048 -3775 11427 8817 620 541 623 563 541 END
START -2944 18984 -17992 -3001 12467 9773 620 541 623 563 541 END
START -2464 17808 -16600 -2742 14919 10759 620 541 623 563 541 END
START -2352 16264 -16104 -2911 15836 11409 620 541 623 563 541 END
START -784 15356 -15344 -3369 18339 11775 621 541 623 563 541 END
START -2068 14904 -13060 -5320 17948 11385 621 542 623 563 542 END
START -560 12828 -11392 -6875 18052 11092 621 542 623 564 542 END
START 460 11112 -9296 -7303 18571 10054 621 542 623 564 542 END
START 836 10032 -6656 -8163 20609 10039 622 542 623 564 542 END
START 436 8316 -5772 -8161 18246 9487 622 542 623 564 542 END
START 1132 8496 -4860 -7661 17900 9535 622 542 622 564 542 END
START 1756 7712 -4184 -8500 17198 9616 622 541 623 563 542 END
START 2484 7996 -3448 -8263 16763 8733 622 542 623 564 542 END
START 3404 7944 -2444 -8946 16788 8186 622 542 623 563 542 END
START 3620 7728 -1960 -9295 15974 6852 622 542 623 563 542 END
START 4672 7312 -1452 -8645 15600 5229 622 542 623 563 542 END
START 4856 6188 -1828 -6278 13539 3307 622 542 623 563 542 END
START 5784 6476 -1176 -3288 11930 1928 622 542 623 563 542 END
START 6820 7172 -804 -2197 11744 620 622 541 623 563 542 END
START 7784 6896 284 -2492 13043 -913 622 541 623 563 541 END
START 7612 6612 568 -1138 12587 -2228 622 541 623 563 541 END
START 8216 7700 1068 -564 12596 -2860 622 541 623 563 541 END
START 8380 8572 3068 22 12333 -3712 622 541 623 563 541 END
START 8008 9388 3636 -404 10577 -4981 622 541 623 563 541 END
START 8716 10220 3728 42 8974 -5761 623 540 623 563 540 END
START 8736 11576 4540 637 8351 -6109 623 540 623 563 539 END
START 8516 13388 4864 1172 7171 -5665 623 540 623 563 540 END
START 8944 14244 4436 1039 5290 -5170 623 540 623 563 541 END
START 9128 14676 4384 1177 4610 -4794 623 540 623 564 540 END
START 8960 16004 3824 1006 3296 -4136 623 541 623 564 541 END
START 9180 16388 3476 419 2177 -3530 623 541 623 564 541 END
START 8536 16300 3624 -427 1614 -2954 623 541 623 564 541 END
START 8980 16496 3212 -701 1124 -2291 623 541 623 564 541 END
START 8636 17108 2368 -1154 723 -1612 623 541 623 564 541 END
START 8740 17060 2236 -1231 211 -904 623 541 623 564 541 END
START 8808 16312 2412 -578 -427 26 622 541 623 564 541 END
START 8720 15824 2312 410 -771 960 623 541 623 564 541 END
START 8836 14704 2316 1476 -1173 1660 623 541 623 564 541 END
START 8856 14788 1876 2152 -1286 1809 622 541 623 564 541 END
START 8460 15428 1620 1502 -1732 1951 623 541 623 563 541 END
START 8452 15204 1876 481 -2629 2109 623 541 623 564 541 END
START 8860 14664 2756 -9 -3548 2330 623 541 623 564 541 END
START 9020 13616 3580 162 -5054 2707 623 541 623 564 541 END
START 9116 12732 4472 1451 -5986 3214 623 541 623 564 541 END
START 9456 12096 5016 2804 -7310 3662 623 541 623 564 541 END
START 9556 11424 5536 5042 -6916 4625 623 539 623 563 539 END