START -2604 19476 -15568 -2259 4009 4239 622 545 621 566 544 END
START -2664 19544 -15892 -2337 4394 4591 622 545 621 566 544 END
START -2904 18720 -15824 -2488 5894 5816 622 545 621 566 545 END
START -2432 18096 -15956 -2306 7209 7161 622 545 621 566 545 END
START -1576 17032 -15740 -1919 8697 8337 622 545 621 566 545 END
START -996 15892 -15620 -1413 10675 8735 622 545 622 566 545 END
START -1132 15664 -14856 -788 12758 8803 622 545 621 566 545 END
START -1440 16272 -14512 -1747 14418 9403 622 545 622 566 545 END
START -1332 16324 -14036 -4091 14849 9182 622 545 620 566 545 END
START -1000 15096 -13084 -6049 15368 9393 623 545 622 566 545 END
START -244 13456 -11884 -5884 15922 9526 622 545 621 566 545 END
START 384 12440 -10900 -5006 16288 9546 622 545 621 566 545 END
START 1724 11056 -9960 -4519 16773 9287 623 545 621 566 545 END
START 2260 10828 -8420 -4530 17660 8387 622 545 622 566 545 END
START 2336 10768 -6932 -5298 18118 7979 622 545 621 566 545 END
START 3008 10040 -5732 -6125 18779 7410 623 545 622 566 545 END
START 3456 9696 -4880 -7210 18886 6634 623 545 622 567 545 END
START 4100 10328 -3652 -8429 18433 6218 623 545 622 566 545 END
START 4712 10220 -2488 -10214 17944 5880 623 546 622 566 545 END
START 4840 9608 -932 -11546 18433 5267 623 546 622 566 545 END
START 5496 8348 -208 -9928 16840 4335 623 545 622 566 545 END
START 6384 8900 696 -6450 15461 3318 623 545 622 566 545 END
START 6116 9584 1548 -2979 15490 2933 623 545 622 566 545 END
START 7132 9792 2832 -1561 15787 2663 623 545 622 566 545 END
START 7844 8752 4128 905 14940 1415 624 544 622 566 545 END
START 8032 9544 4532 3984 14601 489 624 545 622 566 545 END
START 8012 11712 4920 4932 13410 390 624 544 622 566 544 END
START 8576 12136 5552 3491 11896 189 624 544 622 566 544 END
START 9540 11952 6196 1996 10260 -74 623 544 622 566 544 END
START 9404 11900 6884 2338 9040 -142 623 544 622 566 544 END
START 9508 12676 7008 2826 7186 -3 623 544 622 566 544 END
START 9528 13460 7200 2710 5838 452 623 544 622 566 544 END
START 9536 13720 7288 2214 3402 906 624 544 622 566 544 END
START 9712 13748 7172 2431 2252 694 624 545 622 566 544 END
START 9816 13676 7816 2501 1812 546 623 544 622 565 544 END
START 10696 13156 6492 2102 383 338 624 544 622 566 544 END
START 10732 12084 7100 2324 -1016 347 624 544 622 565 544 END
START 10600 12072 7144 3086 -1767 140 623 544 622 566 544 END
START 10148 12680 7540 3229 -2831 340 624 544 622 566 544 END
START 10072 12900 7692 3061 -4663 625 623 544 622 566 544 END
START 10128 12228 7216 3128 -6669 793 624 544 622 565 544 END