START -2480 16884 -14900 -4415 7520 6157 623 545 622 565 545 END
START -2232 16560 -14800 -4374 7794 6423 623 544 622 565 545 END
START -1744 15776 -14020 -4213 8606 6935 623 544 622 565 545 END
START -844 14708 -13500 -2909 9101 6870 623 544 622 565 544 END
START -708 14316 -13080 -857 9833 6399 623 545 622 565 544 END
START -488 14336 -13008 1209 10844 6196 623 544 622 565 544 END
START -336 14868 -13424 2908 12006 6213 623 544 622 566 544 END
START -348 15972 -13684 3697 13818 6898 623 545 622 565 544 END
START 316 16312 -13380 2359 15233 7678 623 544 622 565 544 END
START 380 16080 -12988 607 15478 8289 623 544 622 565 544 END
START 472 14760 -11940 -1150 15820 8627 623 544 622 565 544 END
START 1516 13624 -10948 -2133 15754 8897 623 544 622 565 544 END
START 2000 11852 -10356 -3081 15551 8794 623 544 622 565 544 END
START 2748 11124 -10212 -2504 16840 8701 623 544 622 564 544 END
START 2696 11372 -9320 -3583 18180 8073 623 544 622 565 544 END
START 3632 11072 -8412 -4991 18664 7958 623 544 622 565 543 END
START 4016 10744 -6736 -6687 19085 7880 623 544 622 565 544 END
START 3944 9236 -5552 -7569 18667 7455 623 544 622 565 544 END
START 5060 8920 -4056 -7675 17974 6133 623 543 622 565 543 END
START 5484 8888 -2996 -7960 17639 4683 623 543 622 564 543 END
START 5820 9624 -2320 -9115 16865 3599 623 544 622 565 544 END
START 6832 9580 -1992 -9790 16936 3784 623 544 622 565 543 END
START 6376 9872 -20 -11337 15525 2320 623 544 622 564 543 END
START 7000 9820 660 -11285 14515 1632 623 543 622 565 543 END
START 8036 9300 1844 -10353 14220 1297 624 543 622 564 543 END
START 8660 8272 3188 -6487 13095 524 624 543 621 565 543 END
START 9476 8728 3524 -2083 12525 -329 623 543 622 565 543 END
START 9548 9092 4156 837 12715 -478 623 543 622 565 543 END
START 9484 9424 5144 1962 11445 -797 624 543 622 565 543 END
START 9876 10036 6484 2863 10652 -622 624 543 622 565 543 END
START 9524 11296 7668 2446 8406 -619 624 543 622 565 543 END
START 9804 11296 8412 635 6430 -62 623 543 622 564 543 END
START 10200 10940 9148 329 4094 -253 623 543 622 566 543 END
START 10600 11280 8956 871 2767 -382 624 544 622 566 543 END
START 10380 11080 10056 968 942 -482 623 543 622 566 544 END
START 10436 11780 9632 1173 -1711 -599 623 543 622 566 543 END
START 10440 11916 9092 886 -3832 -399 624 542 622 566 543 END
START 10284 12200 8348 436 -5653 -221 624 543 622 566 543 END
START 10184 12300 7208 442 -7427 -137 624 543 622 566 543 END
START 9828 11836 6976 169 -8465 -68 624 543 622 566 543 END