START -3568 18632 -18264 -2911 5322 5146 624 548 623 568 548 END
START -3688 18624 -18308 -3230 5833 5447 624 548 624 568 548 END
START -3456 17900 -18368 -4256 7329 6417 625 548 624 569 548 END
START -2904 16616 -17704 -4654 8282 7191 624 548 623 568 547 END
START -2600 15404 -17396 -4004 9700 7659 623 548 624 568 548 END
START -2800 14604 -17688 -2558 11726 8040 624 548 624 568 548 END
START -2332 14436 -17500 -1254 13230 8533 624 548 624 569 548 END
START -2124 14292 -16960 234 15564 9079 624 548 624 569 548 END
START -2128 14260 -16516 621 17407 8628 624 548 623 568 548 END
START -1400 13608 -14996 201 18687 8103 624 548 624 569 548 END
START -592 12340 -13096 -1042 19701 7611 625 548 624 569 548 END
START -448 10476 -11124 -2856 18788 6384 624 548 624 569 548 END
START 268 10164 -9732 -4393 19295 5835 624 548 624 569 548 END
START 996 10108 -8208 -6342 19874 5996 625 548 624 569 548 END
START 1804 8684 -6920 -7978 19428 4896 625 548 624 569 548 END
START 2364 7900 -5832 -8560 19964 4177 625 548 624 569 548 END
START 2844 8764 -4640 -8388 18918 3169 625 548 624 569 548 END
START 3436 7756 -3968 -8371 18961 2357 625 548 624 569 548 END
START 4416 7600 -2224 -7956 17549 735 625 548 625 569 548 END
START 5096 8072 -1476 -7548 18427 -388 625 548 624 569 549 END
START 5048 8168 -212 -7993 17836 -1529 625 549 624 570 549 END
START 5600 8508 1048 -7439 17637 -2493 626 549 624 570 549 END
START 6508 8180 1628 -6477 16486 -3323 625 549 624 570 549 END
START 6672 8932 1844 -4521 16132 -4255 626 549 624 569 549 END
START 7036 10204 2040 -2499 15239 -4502 626 549 625 570 549 END
START 7204 11212 2696 -837 14538 -4532 626 549 624 570 549 END
START 7056 12316 3364 -392 13715 -4640 626 549 624 570 549 END
START 6884 13088 3528 -271 11884 -5046 626 549 624 570 549 END
START 7520 13864 3308 -220 11344 -4846 626 549 624 570 549 END
START 6992 14784 4516 -276 8881 -4253 626 549 624 570 549 END
START 7108 15040 4896 -733 6572 -3944 626 550 624 570 549 END
START 7268 15176 5440 -586 4915 -3443 626 549 625 570 550 END
START 7440 15348 6028 187 3017 -2626 626 549 624 570 550 END
START 7148 15488 6760 840 1124 -1806 626 550 624 570 549 END
START 7288 15500 7064 1146 -335 -1142 626 550 624 570 550 END
START 6636 16080 7688 1272 -1941 -594 626 550 624 570 550 END
START 6752 16440 7332 1501 -4104 59 626 550 624 570 550 END
START 6908 16944 6488 1442 -5973 1042 626 550 624 570 550 END
START 6616 17288 5596 782 -8068 2055 626 550 624 570 550 END