START -2636 17336 -17832 -5071 7029 5528 624 546 622 566 546 END
START -2556 16924 -17728 -5299 7523 5844 624 546 622 566 546 END
START -2260 15560 -17152 -5213 8780 6715 624 546 622 566 546 END
START -1692 14920 -16480 -3839 10088 7516 624 546 622 566 546 END
START -1348 14264 -16392 -2548 11590 7869 624 546 622 566 546 END
START -796 13984 -15640 -1901 13138 7743 624 546 622 566 546 END
START -508 13288 -15008 -2030 14656 7977 624 546 622 566 546 END
START -428 12172 -14312 -2080 15380 7633 624 545 622 566 545 END
START -64 12232 -13692 -2688 16216 7221 624 545 622 566 546 END
START 540 11528 -12792 -3758 16764 6552 625 545 622 566 545 END
START 972 10816 -11976 -4386 17254 6071 624 545 621 565 545 END
START 1448 10536 -11136 -4180 17728 5602 624 545 622 566 545 END
START 2088 10640 -9640 -4920 18471 5330 624 545 622 566 545 END
START 2996 9880 -8728 -5828 18625 5030 624 545 622 566 545 END
START 2960 9212 -7828 -5766 18925 3893 624 545 622 565 545 END
START 3600 9644 -6276 -5384 19161 3255 624 545 622 566 545 END
START 3784 9952 -4728 -5521 18812 2688 625 545 622 566 545 END
START 4340 10376 -3496 -6669 18507 2470 625 546 622 566 545 END
START 4408 10220 -2804 -7666 17778 2000 625 546 622 566 546 END
START 5248 9672 -2000 -6602 16197 1473 625 546 622 566 546 END
START 6148 10524 -1112 -5994 15947 1570 625 546 622 565 546 END
START 5628 11080 1304 -6219 14296 1288 625 546 622 566 546 END
START 6348 11368 280 -6981 14190 1289 625 546 622 566 546 END
START 6868 10408 1088 -5598 13043 242 625 546 622 566 546 END
START 8072 10296 2140 -3829 13036 -33 625 546 623 566 546 END
START 7180 10016 3112 -2405 11859 -1490 625 546 622 566 546 END
START 8440 9520 3544 -152 11192 -835 625 546 622 566 546 END
START 7856 9984 4360 337 9235 -1326 625 546 622 566 546 END
START 7952 11788 3640 503 7609 -905 626 545 623 566 545 END
START 8036 12524 2156 45 6313 -573 625 545 623 566 545 END
START 9084 13552 1772 -338 5519 -620 625 546 622 566 545 END
START 9360 13452 2448 -302 4549 -1160 626 546 622 566 546 END
START 9172 13044 2800 1240 4068 -1796 626 546 622 566 546 END
START 9164 13528 3020 3301 4231 -1897 626 546 622 567 546 END
START 8912 14160 4352 3687 3266 -1398 626 546 622 566 546 END
START 9840 14568 3680 3673 2416 -749 625 546 622 567 546 END
START 9192 14644 4796 2745 -16 -309 626 545 622 566 546 END
START 9324 14816 5096 2212 -1611 647 626 546 622 567 546 END
START 9648 14588 4680 1779 -3164 1316 626 546 622 566 546 END
START 9552 14820 4492 1680 -3930 1554 625 546 622 566 546 END
START 9396 15496 4768 1254 -4090 2044 626 546 622 566 546 END