START -2548 16908 -18496 -204 7572 4675 625 550 622 568 550 END
START -2672 16768 -18216 -60 7837 5034 624 550 623 568 550 END
START -2268 15852 -17512 -255 8277 6181 624 550 622 568 550 END
START -1604 14760 -16852 -1159 10550 7130 625 550 622 569 550 END
START -1168 14008 -16336 -2023 11309 7131 624 550 623 569 549 END
START -720 13584 -15664 -3391 12474 6846 624 550 623 569 550 END
START -412 13292 -14864 -4712 13597 7076 625 550 623 569 550 END
START -840 13116 -14320 -5903 14382 7383 625 550 623 569 550 END
START -600 12648 -13452 -7768 15146 8226 625 550 623 569 550 END
START -52 10608 -12988 -7527 15536 8060 625 550 623 569 550 END
START 420 10424 -12196 -6228 17481 7659 625 550 622 569 550 END
START 520 11592 -11360 -5513 17626 7806 625 550 623 569 550 END
START 1116 11500 -10396 -6564 18312 9255 625 550 623 570 550 END
START 1676 10340 -8612 -7489 18347 9776 625 550 623 569 550 END
START 1916 9608 -7968 -7669 18465 10415 626 550 623 569 549 END
START 3408 8340 -6860 -6787 18043 9494 625 549 623 569 549 END
START 4076 7020 -5176 -3968 17481 7667 626 549 623 569 549 END
START 4952 6716 -4948 73 18448 5372 625 549 623 569 548 END
START 5456 6272 -4172 4137 16796 3077 626 548 623 569 548 END
START 6984 7708 -3932 7009 18763 1472 626 548 623 569 548 END
START 6520 10228 -2376 5897 17556 -214 626 548 623 569 548 END
START 7132 11384 -1376 3228 18023 -545 626 548 623 568 548 END
START 7652 10040 -300 945 15216 -2062 626 548 623 568 548 END
START 8276 10232 300 1554 13221 -3082 626 547 622 568 547 END
START 8624 11592 1452 1217 12758 -3897 626 547 623 568 547 END
START 8928 11696 2360 272 11511 -4115 626 547 623 568 547 END
START 9168 11424 3080 352 10073 -4508 626 546 623 568 546 END
START 9116 11712 2776 848 8410 -4622 626 546 623 567 546 END
START 8868 12688 3168 1224 6549 -4522 627 546 622 567 546 END
START 9528 14092 2596 642 5195 -3614 626 546 623 567 546 END
START 9592 14560 2308 -499 4048 -3188 626 546 623 567 546 END
START 9864 14864 2128 -339 4048 -2507 626 546 623 567 546 END
START 9436 15520 2660 -522 1238 -1839 626 546 623 567 546 END
START 9996 15804 2672 -299 690 -832 626 546 622 568 546 END
START 10064 15916 3044 -148 -308 -97 626 546 622 568 546 END
START 10208 15964 3184 57 -1205 736 626 546 622 568 546 END
START 10236 15680 3008 145 -2918 1388 626 546 623 568 546 END