START -5400 21124 -20020 542 3511 3737 622 546 624 562 546 END
START -5400 21368 -20528 498 4023 4378 622 546 624 561 546 END
START -5444 21892 -20712 -383 5928 6511 622 546 624 562 546 END
START -5200 21492 -20796 -2268 7763 8433 622 545 624 562 545 END
START -5052 20760 -20428 -3862 9727 9794 622 545 624 562 545 END
START -3888 19600 -19144 -4820 11064 11263 622 543 624 561 545 END
START -2840 18420 -18092 -5246 13611 12156 622 544 624 561 544 END
START -2640 17444 -16872 -5437 14969 12867 622 544 623 562 544 END
START -1464 15740 -15316 -4805 18241 12996 622 544 624 561 543 END
START -688 14200 -13956 -3675 17869 11625 622 543 624 561 543 END
START -1724 13244 -11636 -4058 19789 11310 622 544 624 562 544 END
START -748 12152 -11068 -5730 18776 10216 623 544 624 562 544 END
START -264 11372 -9068 -8999 19829 9573 623 544 624 562 544 END
START 340 10488 -7684 -12684 19720 9365 623 545 623 562 544 END
START 1548 9012 -5780 -15027 18569 8940 623 544 624 563 544 END
START 2012 8004 -4180 -16868 18492 8316 623 544 624 564 545 END
START 4012 7316 -4420 -17293 19086 8593 623 545 624 563 545 END
START 4360 5124 -2168 -17850 16713 6518 623 545 623 564 545 END
START 4340 4584 -1516 -14697 13445 4652 623 545 624 564 545 END
START 5072 4632 -1060 -11637 14722 3062 623 545 624 564 545 END
START 5184 5264 52 -9595 14277 1607 623 545 624 564 545 END
START 5724 5140 644 -6529 13691 606 623 545 624 564 545 END
START 6152 5640 1164 -3881 15074 162 624 545 624 564 545 END
START 6028 6616 1756 -1152 14618 -945 624 546 624 563 545 END
START 6120 8088 2808 444 14490 -2192 624 546 623 565 546 END
START 6360 8992 3044 678 13677 -3342 624 546 624 565 546 END
START 6288 10340 2792 1060 12097 -4519 624 546 624 565 546 END
START 9360 12460 264 1583 13818 -4062 624 546 623 565 546 END
START 7184 12304 3852 992 9074 -4733 624 546 623 566 546 END
START 8044 13028 3216 1546 8710 -4379 624 546 623 566 546 END
START 7404 13436 3656 2052 5387 -4435 624 546 624 566 546 END
START 7968 14360 4036 2248 5411 -4390 624 546 623 566 546 END
START 8368 14888 4124 2130 4899 -3856 624 545 623 567 546 END
START 8172 15148 4344 1559 2818 -3454 624 546 623 567 547 END
START 8028 15816 3856 1221 2237 -2972 624 547 623 567 546 END
START 8096 16264 3384 1163 1919 -2184 624 547 623 567 547 END
START 7776 16512 3828 1272 1366 -1668 624 547 623 567 546 END
START 7600 16116 3612 1398 726 -1122 624 547 622 567 547 END
START 7552 16800 3320 1229 128 -910 625 547 623 567 547 END
START 7376 17468 2756 579 -317 -388 624 547 623 567 547 END
START 7296 17220 2488 -9 -982 382 624 547 623 567 547 END
START 7480 16796 2032 -463 -1387 909 625 546 624 567 547 END
START 7740 16096 2376 -418 -1514 1395 625 547 623 566 547 END
START 7988 15060 2620 394 -1648 1372 624 547 623 567 548 END
START 8028 14320 3112 1572 -1900 1264 625 547 623 567 547 END
START 8080 14228 3832 2187 -2535 1200 624 547 623 567 547 END
START 7696 14908 4324 2141 -3416 1644 624 546 623 567 546 END
START 7544 15060 4144 1631 -5030 2661 624 544 623 566 544 END
START 7508 14716 4240 1599 -6223 3383 623 542 623 565 542 END
START 7920 13860 3832 2207 -7137 3668 622 540 623 563 539 END
START 8480 12700 4016 4052 -7213 3453 622 538 623 562 538 END
START 8832 11412 3956 6588 -7574 2590 621 538 623 562 537 END
START 8604 11728 3784 8442 -7602 2112 621 538 622 562 538 END