START -5112 18844 -15580 -4332 6181 7369 623 546 622 566 547 END
START -4952 18704 -15368 -4320 6342 7798 622 546 622 566 546 END
START -4896 18420 -15512 -4308 7502 9325 623 546 622 566 546 END
START -3992 17416 -15508 -4086 8587 10461 623 545 622 566 546 END
START -4088 17136 -15588 -4045 10170 11348 623 546 622 566 546 END
START -3384 17080 -15400 -4312 12198 12663 623 546 622 566 546 END
START -2652 16040 -15740 -4680 13386 13149 623 546 622 566 546 END
START -1860 15792 -15192 -4206 15414 13542 623 546 622 566 546 END
START -1436 15000 -14052 -3837 17008 13326 623 546 622 566 546 END
START -800 14780 -11712 -3877 17420 13548 622 546 623 566 546 END
START -308 13556 -10620 -6254 18972 13158 623 546 622 566 546 END
START -140 12220 -9584 -5565 18580 13047 623 546 622 566 545 END
START 1032 11116 -8116 -5676 19693 12132 623 545 623 566 546 END
START 1608 11092 -6836 -5882 20405 11332 623 546 622 566 546 END
START 2936 9996 -4864 -6015 20576 10379 624 546 622 566 546 END
START 2996 8820 -3408 -4452 19890 10181 624 546 622 566 546 END
START 3860 8424 -2296 -3733 20342 8357 624 546 622 566 546 END
START 3936 8200 -416 -3273 19696 7715 624 546 622 566 546 END
START 4980 7348 -604 -2433 17538 6379 624 546 623 566 545 END
START 5912 7420 704 -378 17433 4907 624 545 622 566 546 END
START 6872 8456 1052 -658 17492 3506 623 545 622 566 545 END
START 7840 9444 2256 -1713 16258 2738 624 545 622 566 545 END
START 8080 9012 3524 -3250 16173 2233 624 545 622 566 545 END
START 8392 8108 4584 -2076 14768 567 624 544 622 566 544 END
START 8788 8640 5476 390 12931 4 624 544 622 566 544 END
START 8472 9600 6160 1836 10928 -741 624 543 622 564 543 END
START 9156 10400 7672 2167 9551 -341 624 543 622 564 543 END
START 9120 9872 8624 2335 7351 -962 624 543 622 565 544 END
START 9028 9708 8768 3224 5475 -1756 624 543 622 566 543 END
START 9404 10688 8836 3792 3590 -2264 624 543 622 565 543 END
START 8864 12132 9296 2507 1719 -1882 624 543 622 566 543 END
START 9552 12108 9304 795 -539 -1353 624 543 622 566 543 END
START 10112 11356 8968 645 -2502 -1173 624 543 622 566 543 END