START 1068 580 10108 2166 4535 -4467 629 614 624 611 614 END
START 684 740 10132 3073 4492 -4640 630 614 624 611 614 END
START -456 2088 10116 4156 3544 -4485 630 614 623 611 615 END
START 260 2692 9824 914 1920 -4122 630 615 624 612 615 END
START 816 2272 9772 -2336 334 -3986 630 614 623 611 615 END
START 2052 1300 10236 -4422 658 -4566 629 614 623 612 615 END
START 2044 608 10476 -3713 2091 -5182 630 615 624 611 615 END
START 2872 860 11492 -2566 3528 -6369 630 614 623 612 614 END
START 2872 1996 13012 -2675 3294 -8236 630 615 624 612 615 END
START 2732 3292 13848 -4623 2819 -10439 630 615 624 612 615 END
START 3144 4152 14152 -6846 2792 -12251 630 615 624 612 615 END
START 3020 4644 13844 -7700 2492 -13403 630 615 623 612 615 END
START 3160 4976 13652 -6193 2225 -13496 630 614 623 612 615 END
START 2936 5796 13768 -4742 1444 -13096 630 614 623 612 615 END
START 3112 5928 13924 -2961 1718 -12701 630 615 623 612 615 END
START 1600 6288 13576 -884 796 -12143 630 615 624 613 615 END
START 760 7024 13224 79 -81 -12420 630 615 623 612 615 END
START 1328 7480 12536 -9 -1447 -13208 631 615 623 612 615 END
START 1796 7176 11816 837 -2036 -14286 630 616 623 612 615 END
START 2496 6864 11124 2883 -2178 -15096 631 615 623 612 615 END
START 2304 8172 10472 5595 -1488 -15436 630 615 623 613 615 END
START 1888 9580 9948 5092 -2130 -15350 631 615 623 612 615 END
START 1972 10120 10044 3465 -2281 -15499 630 615 623 612 615 END
START 3300 10404 10048 3314 -1963 -16249 630 615 623 612 615 END
START 4520 11548 9840 4341 -1390 -16867 630 615 623 612 615 END
START 4440 13900 10408 4481 -710 -17001 631 615 623 612 615 END
START 3776 16984 10840 2319 -517 -16244 631 615 624 612 615 END
START 3704 18972 11932 -659 -642 -14517 631 615 623 613 616 END
START 4000 19840 12928 -2931 -1348 -12657 630 616 623 612 615 END
START 4024 19072 13548 -1040 -1279 -10711 631 615 623 612 615 END
START 3404 18888 14252 3655 -1161 -8540 631 616 624 612 615 END
START 2816 18404 13724 7505 -2079 -5925 631 616 623 612 615 END
START 3872 17664 12892 11585 -2475 -4160 630 615 623 612 615 END
START 3752 16816 11980 16750 -1451 -2839 630 616 624 612 616 END
START 2952 16780 10636 19892 -1759 -3002 631 616 623 612 616 END
START 3120 16852 9420 22179 8420 -1397 631 616 623 612 616 END
START 1856 15488 6928 23742 5633 -81 631 616 623 612 616 END
START 1688 11984 4160 26542 3768 2009 630 616 623 612 616 END
START 2216 10064 2148 32767 9134 3300 630 616 623 612 616 END
START -1640 11764 -6284 32767 9989 339 631 616 624 612 616 END
START 2828 11096 -4588 32767 10932 6804 0 0 620 608 612 END
START 3236 11372 -6148 32767 13719 5990 608 593 600 589 592 END
START 4192 11540 -7576 32767 13148 6760 619 605 612 600 605 END
START 3984 10560 -7904 32767 10373 6304 613 599 606 595 599 END
START 5228 7536 -8392 32767 14765 6948 628 613 621 609 613 END
START 4496 8064 -8628 32767 16072 9566 629 614 622 610 615 END
START 3016 10668 -11052 32767 13147 8206 0 0 0 0 0 END
START 5456 11804 -10652 32767 15592 4819 0 0 0 0 0 END
START 6304 12232 -10104 30597 13543 1421 0 0 0 0 0 END
START 4956 10932 -9484 29766 11442 680 0 0 0 0 0 END
START 3476 9692 -10408 32767 9966 763 0 0 0 0 0 END
START 2496 11428 -11656 32767 10918 1085 0 0 0 0 0 END
START 3340 13640 -12252 32767 9876 -360 0 0 0 0 0 END
START 3972 15544 -14404 29377 536 -3161 0 0 0 0 0 END
START 4680 15612 -5636 21442 5764 -7013 0 0 0 0 0 END
START 3216 15112 -12676 20982 -201 -7896 0 0 0 0 0 END
START 2436 14304 -9784 19697 5809 -8136 0 0 0 0 0 END
START 632 14316 -12308 18667 3210 -7873 0 0 0 0 0 END
START 1004 15116 -12368 17088 3704 -8511 0 0 0 0 0 END
START 536 15512 -12604 14536 1608 -9572 0 0 0 0 0 END
START 1020 14080 -13984 13580 982 -9798 0 0 0 0 0 END
START 964 13364 -12520 12927 5345 -10033 0 0 0 0 0 END
START -52 13500 -12584 12888 3540 -9808 0 0 0 0 0 END
START -252 13392 -14760 12602 3091 -10038 0 0 0 0 0 END
START -496 13948 -14220 11958 3346 -10366 0 0 0 0 0 END
START 72 13408 -13724 10838 2844 -10430 0 0 0 0 0 END
START 552 13004 -13308 9974 1699 -9874 0 0 0 0 0 END
START 468 13852 -13352 8631 -469 -9073 0 0 0 0 0 END
START 388 14648 -12964 5910 -603 -9205 0 0 0 0 0 END
START -8 14540 -13028 3512 1073 -9917 0 0 0 0 0 END
START -360 13828 -13576 2754 118 -9502 0 0 0 0 0 END
START -1252 13336 -14680 3492 -278 -7989 0 0 0 0 0 END
START -1068 14572 -14184 5069 -2018 -6167 0 0 0 0 0 END
START -1000 16136 -14368 4653 -1972 -5430 0 0 0 0 0 END
START -436 16536 -14236 3982 -543 -4856 0 0 0 0 0 END
START -916 17500 -14584 2758 -694 -4193 0 0 0 0 0 END
START -1852 18984 -14908 513 106 -3738 0 0 0 0 0 END
START -2752 19904 -15644 -2383 1129 -2719 0 0 0 0 0 END
START -2496 21152 -16308 -5573 2020 -977 0 0 0 0 0 END
START -1176 22212 -16332 -9721 3188 -544 0 0 0 0 0 END
START 356 21336 -16076 -13430 3812 -4 0 0 0 0 0 END