START 5348 1500 9216 -4552 4637 -445 0 0 0 0 0 END
START 5300 1108 9468 -4539 5420 -923 0 0 0 0 0 END
START 4492 168 9596 -3864 5908 -1985 0 0 0 0 0 END
START 2592 -504 9624 -1570 5330 -3440 0 0 0 0 0 END
START 1460 -344 10716 1509 7177 -4850 0 0 0 0 0 END
START 704 1712 11792 2003 6891 -5114 0 0 0 0 0 END
START 916 2516 12620 -968 5850 -4677 0 0 0 0 0 END
START 1004 1592 12840 -3472 4471 -4446 628 612 624 613 613 END
START 1996 -124 13176 -3824 3591 -5344 631 614 624 613 613 END
START 2208 -1032 13848 -2040 3713 -6343 630 613 624 613 614 END
START 1700 -728 13684 -1648 2698 -7131 630 614 624 613 614 END
START 1700 -344 14420 -1816 3100 -8427 631 614 623 614 614 END
START 2088 -128 14552 -3048 2859 -9547 631 614 624 614 613 END
START 1260 904 14436 -3953 1359 -10375 630 614 624 614 614 END
START 1260 1048 14952 -4412 1120 -11168 631 614 624 614 614 END
START 928 1260 15172 -3907 71 -11900 631 614 623 614 614 END
START 764 1996 15036 -3771 -815 -12083 631 614 624 614 614 END
START 704 2672 15012 -3453 -1342 -12951 631 614 623 614 614 END
START 1692 2976 14704 -3789 -2270 -14323 631 614 624 614 614 END
START 2776 3512 14084 -3875 -3138 -15685 631 614 624 614 614 END
START 3116 4108 12872 -6003 -5063 -16217 631 614 623 614 614 END
START 4372 5036 12656 -6945 -6378 -17302 631 614 624 614 614 END
START 5340 5812 12444 -7563 -5183 -18772 631 614 624 614 614 END
START 7444 6300 11880 -7198 -3977 -21273 631 614 623 614 614 END
START 8452 8672 11368 -5987 -3300 -23724 631 614 623 614 614 END
START 9164 12636 11404 -5170 -1928 -23500 631 614 623 614 614 END
START 9920 16092 12144 -8072 -1375 -21599 631 614 623 614 614 END
START 10716 17224 12584 -10909 -1275 -18294 631 614 623 614 614 END
START 10312 15904 12852 -7106 -821 -14930 631 614 623 614 614 END
START 10132 15876 12668 -1440 -1434 -12058 631 614 623 614 614 END
START 10788 15048 10832 4795 -790 -9982 631 614 624 614 615 END
START 8496 14740 11116 9236 -3450 -7383 631 615 624 614 614 END
START 8224 13208 9232 14287 -2024 -6245 631 615 624 614 615 END
START 5944 13044 7808 18956 -2549 -5393 631 615 624 614 614 END
START 4436 12828 5324 23728 -2106 -4874 631 614 624 615 614 END
START 3668 14684 3392 24473 -3675 -3623 631 614 624 614 614 END
START 5260 12788 624 24726 -3939 -3699 631 614 624 614 614 END
START 7224 7768 -2132 29814 1454 -5299 631 615 624 614 614 END
START 6800 5480 -3160 32767 15040 -7216 631 615 624 614 615 END
START 6364 8084 -4668 32767 25882 -12713 631 614 624 613 614 END
START 5240 13784 -6216 32767 25047 -9221 629 613 622 610 611 END
START 4008 17476 -6904 32767 18362 -1880 626 610 620 609 610 END
START 3772 14084 -7256 32767 15630 -1712 0 0 0 0 0 END
START 4472 9964 -6780 32767 15297 -1032 0 0 0 0 0 END
START 3464 7724 -9612 32767 25023 -2220 0 0 0 0 0 END
START 3420 14228 -10564 32767 21647 818 0 0 0 0 0 END
START 3076 18464 -9000 32767 23264 -1405 0 0 0 0 0 END
START 1472 16032 -10116 32767 16320 -1367 0 0 0 0 0 END
START 2000 13268 -12088 32767 18576 -2654 0 0 0 0 0 END
START 2888 13644 -11320 32767 17216 -2199 0 0 0 0 0 END
START 3036 15596 -11436 32767 12648 -3578 0 0 0 0 0 END
START 3232 15944 -11164 32767 15017 -6566 0 0 0 0 0 END
START 756 13764 -12496 32767 14619 -7929 0 0 0 0 0 END
START -372 16460 -12780 32767 12583 -8021 0 0 0 0 0 END
START -1512 20584 -13492 32767 12198 -8891 0 0 0 0 0 END
START -1512 22052 -13384 30277 10611 -9771 0 0 0 0 0 END
START -2056 19656 -12660 25264 13525 -10521 0 0 0 0 0 END
START -1456 16644 -13772 23971 12197 -9598 0 0 0 0 0 END
START -1896 17436 -14804 24305 10914 -10008 0 0 0 0 0 END
START -1296 20076 -14328 22704 10260 -11166 0 0 0 0 0 END
START -640 20052 -13300 19018 8181 -12854 0 0 0 0 0 END
START -1036 19040 -13088 16407 6046 -12689 0 0 0 0 0 END
START -2672 18784 -12528 13728 3800 -11330 0 0 0 0 0 END
START -3256 19240 -12128 12535 5076 -9654 0 0 0 0 0 END
START -2708 20424 -11696 8797 4422 -9584 0 0 0 0 0 END
START -1252 19256 -11496 7640 1687 -8884 0 0 0 0 0 END
START -1624 17640 -11492 7778 2345 -7517 0 0 0 0 0 END
START -1240 16576 -10760 7864 1393 -6237 0 0 0 0 0 END
START -1260 16860 -11180 7876 -666 -4977 0 0 0 0 0 END
START -940 16984 -11700 5581 -2009 -5175 0 0 0 0 0 END
START -956 16560 -12252 3627 -1782 -4809 0 0 0 0 0 END
START -768 16928 -13100 1433 -472 -4068 0 0 0 0 0 END
START -1500 17192 -14252 -1680 997 -3890 0 0 0 0 0 END
START -188 17628 -14088 -3092 1042 -2838 0 0 0 0 0 END
START 300 18224 -15260 -6596 -694 -2223 0 0 0 0 0 END
START 816 19396 -14004 -10120 -345 -1349 0 0 0 0 0 END
START 708 20268 -14444 -15170 -2194 -784 0 0 0 0 0 END