START 3124 3060 12120 -1827 1615 -2412 629 614 625 611 614 END
START 3256 2908 12064 -1893 1330 -2576 629 614 625 612 614 END
START 3184 2796 12116 -2709 793 -3325 629 614 625 612 614 END
START 3144 2316 12372 -2541 1142 -3988 629 614 626 611 614 END
START 2796 2184 12676 -3012 983 -4708 629 614 625 611 614 END
START 2824 1968 12720 -3285 779 -5354 629 614 625 611 614 END
START 3004 1656 12876 -3174 894 -6084 630 614 625 611 614 END
START 2996 1512 13108 -2564 827 -6391 630 614 625 612 614 END
START 2380 1640 13456 -2628 1155 -7489 630 614 626 612 614 END
START 1996 1568 13388 -2701 658 -8772 630 614 625 612 614 END
START 1996 1556 12972 -2239 140 -10022 630 614 625 612 614 END
START 2236 3004 12584 -1924 -686 -10675 630 615 626 612 614 END
START 2460 4392 12348 -3822 441 -11495 630 614 625 612 614 END
START 1956 4192 12268 -5472 -712 -12172 630 614 625 612 614 END
START 2416 3384 12224 -4532 87 -12874 630 615 625 612 614 END
START 2000 2564 12420 -1499 252 -13525 629 614 625 612 614 END
START 1312 3720 12436 1545 60 -14468 630 614 625 612 614 END
START 900 5696 11972 1880 -296 -15277 630 614 625 612 614 END
START 1020 7168 12036 -310 -485 -16037 630 614 625 612 614 END
START 948 7088 12184 -2562 -1565 -16578 630 614 625 612 614 END
START 1664 5764 12512 -716 -35 -17032 630 615 625 612 614 END
START 1744 5660 12508 2558 -964 -17556 630 614 625 612 614 END
START 2608 8528 12544 5155 -256 -18696 630 615 625 612 615 END
START 3076 11236 12708 4133 50 -19079 630 615 625 612 615 END
START 3012 13060 13492 695 -681 -18649 630 615 625 612 615 END
START 2880 13540 13812 -457 -886 -17962 630 615 625 612 615 END
START 3564 14452 14140 1163 -721 -19114 630 615 625 612 615 END
START 3780 16116 13816 4301 -386 -19162 630 615 625 612 615 END
START 3456 18880 13604 6407 986 -17629 629 615 625 612 615 END
START 3524 21016 13836 6238 1258 -14541 630 616 625 612 615 END
START 2780 20708 13328 7273 472 -10717 630 616 624 612 615 END
START 2544 18916 13344 10472 -882 -7809 630 616 624 612 616 END
START 2212 17016 11972 16871 -2400 -5739 629 616 624 612 616 END
START 2620 14372 9372 24974 -2790 -4958 630 616 624 612 616 END
START 1192 13156 5708 32457 -2659 -4554 631 616 624 612 616 END
START 1616 15728 4212 32767 -939 -3870 630 616 625 612 616 END
START 1824 15920 1680 32767 6002 -1723 628 614 622 610 614 END
START 1000 15264 -244 32767 6511 -2219 0 0 0 0 0 END
START 2400 13308 -948 32767 9466 53 0 0 0 0 0 END
START 2432 13124 -2644 32767 9688 -2765 0 0 0 0 0 END
START 3964 12172 -3816 32767 9779 6110 0 0 0 0 0 END
START 1336 11628 -5008 32767 13902 5362 0 0 0 0 0 END
START 2632 11604 -5868 32767 12914 6431 0 0 0 0 0 END
START 2152 13352 -8120 32767 9379 5697 0 0 0 0 0 END
START 3100 11712 -8192 32767 12955 7303 0 0 0 0 0 END
START 4092 12292 -8688 32767 14169 5903 0 0 0 0 0 END
START 3276 11712 -8732 32725 16375 5591 0 0 0 0 0 END
START 3520 11088 -8848 32601 15453 5963 0 0 0 0 0 END
START 3840 12144 -10552 32767 15199 6386 0 0 0 0 0 END
START 4224 12280 -10704 29148 11542 5667 0 0 0 0 0 END
START 4592 11348 -10496 28973 11951 3189 0 0 0 0 0 END
START 4052 12060 -11268 29185 12398 1105 0 0 0 0 0 END
START 3668 12136 -10704 29394 11531 -1230 0 0 0 0 0 END
START 3476 10948 -10800 31154 10706 -2533 0 0 0 0 0 END
START 2652 11412 -12480 32767 9048 -1757 0 0 0 0 0 END
START 2500 14068 -12576 31088 8057 -2803 0 0 0 0 0 END
START 2812 13184 -12280 25310 7909 -5003 0 0 0 0 0 END
START 3340 15388 -13832 22527 2503 -7190 0 0 0 0 0 END
START 2312 15536 -12488 18621 8394 -10511 0 0 0 0 0 END
START 1660 14164 -11032 16448 3367 -11661 0 0 0 0 0 END
START 204 13248 -13116 17370 6261 -10203 0 0 0 0 0 END
START 40 14768 -13440 16866 3793 -9544 0 0 0 0 0 END
START -908 15172 -13884 14606 5192 -10350 0 0 0 0 0 END
START -1088 14744 -14160 12385 6549 -11802 0 0 0 0 0 END
START -276 14360 -14040 11207 5701 -12834 0 0 0 0 0 END
START -12 13120 -13224 11073 4217 -12392 0 0 0 0 0 END
START -316 12652 -13472 11195 3227 -11947 0 0 0 0 0 END
START -1496 12484 -14284 11982 2859 -11513 0 0 0 0 0 END
START -2636 13092 -14544 10398 1450 -12413 0 0 0 0 0 END
START -2604 13824 -14564 8177 2788 -13456 0 0 0 0 0 END
START -1248 14052 -14152 6511 2773 -14077 0 0 0 0 0 END
START -216 13228 -13956 5660 2486 -14027 0 0 0 0 0 END
START -1180 12908 -14064 6580 276 -11953 0 0 0 0 0 END
START -2652 14188 -14824 7478 -1597 -9125 0 0 0 0 0 END
START -2528 15728 -14352 6363 -1594 -7526 0 0 0 0 0 END
START -1644 16168 -14604 4919 -568 -6467 0 0 0 0 0 END
START -928 15852 -14612 3384 -1265 -5610 0 0 0 0 0 END
START -900 15660 -14368 1746 413 -5023 0 0 0 0 0 END
START -2124 15300 -15068 1179 46 -3832 0 0 0 0 0 END
START -2556 15548 -14988 894 66 -2179 0 0 0 0 0 END
START -1964 15772 -14444 662 976 -703 0 0 0 0 0 END
START -1492 16280 -15288 178 1380 397 0 0 0 0 0 END
START -1228 17268 -14836 -1979 1672 570 0 0 0 0 0 END
START -1424 18496 -14924 -6525 1942 -216 0 0 0 0 0 END