START 5960 1904 9672 -3315 4165 605 630 611 626 612 611 END
START 5840 1980 10000 -3691 4095 618 630 611 627 611 611 END
START 5424 1440 11040 -4958 4121 799 630 611 626 611 611 END
START 4884 692 12236 -6387 3943 1130 629 611 627 612 611 END
START 4524 -492 12740 -6575 3914 824 629 611 626 612 611 END
START 4088 -1144 13600 -5070 1573 -711 629 611 626 611 611 END
START 4232 -476 13988 -2044 1359 -1947 629 611 625 611 611 END
START 3636 864 13580 -901 1178 -2581 630 611 625 612 611 END
START 4520 1432 13468 -1741 1513 -2394 630 611 626 612 611 END
START 4388 652 13620 -3802 1132 -2228 630 612 626 613 612 END
START 4128 -716 14360 -3214 2115 -2515 630 612 625 612 611 END
START 3864 -1516 14280 -3021 2096 -3331 630 612 626 613 612 END
START 4004 -1992 14256 -2323 1403 -4542 630 612 626 613 612 END
START 4120 -1904 14076 -1772 983 -5907 630 612 625 612 612 END
START 4096 -1428 14908 -1787 2083 -7498 630 612 626 613 612 END
START 3340 -672 15140 -4204 807 -8678 630 612 626 613 612 END
START 2812 -1052 14836 -5320 -101 -10515 630 612 625 613 612 END
START 3376 -936 15084 -4511 -413 -11874 630 612 626 613 612 END
START 3912 724 15712 -4498 -724 -12956 630 612 625 613 613 END
START 3640 2084 16168 -6154 -229 -13861 630 613 625 613 612 END
START 4228 1200 16148 -7440 -391 -13602 631 613 625 614 613 END
START 5108 344 15600 -5670 -2988 -13720 631 613 625 614 613 END
START 6028 1028 13616 -2378 -5580 -15474 631 613 626 613 613 END
START 7180 3876 12028 -887 -6577 -17873 631 613 625 614 613 END
START 9240 7336 9676 -2759 -5826 -18675 631 613 625 614 613 END
START 11536 8828 8724 -6026 -4092 -17127 631 613 626 614 613 END
START 12116 9572 8880 -5932 -2520 -16361 631 613 626 614 613 END
START 12232 10896 10008 -4165 647 -16443 631 613 626 613 613 END
START 12152 11944 10540 -3627 681 -16615 632 613 626 614 613 END
START 12652 13156 10744 -3273 -1758 -15009 632 613 626 614 613 END
START 12560 12976 11236 492 -2547 -11337 631 613 625 613 613 END
START 13204 12140 10028 7540 -2951 -8607 631 613 626 613 613 END
START 11464 13204 10208 14259 -4745 -7201 631 613 626 614 613 END
START 10624 14484 8908 17187 -4284 -6770 631 613 626 614 613 END
START 9876 13356 6744 18047 -4959 -5775 631 613 626 614 614 END
START 8992 9512 4412 24123 -5040 -5067 631 613 626 614 613 END
START 7252 6984 2168 32767 -6336 -5962 631 613 626 614 613 END
START 7004 6424 284 32767 -2198 -11469 631 614 626 613 614 END
START 6540 6444 -776 32767 9934 -11241 632 614 626 613 614 END
START 6208 9644 -3848 32767 17478 -13318 0 0 0 0 0 END
START 6332 12832 -5980 32767 12951 -10435 630 613 624 611 609 END
START 5472 12500 -7664 32767 10648 -4666 0 0 0 0 0 END
START 7104 10844 -8468 32767 16378 -4085 0 0 0 0 0 END
START 9232 7284 -8508 32767 14424 -1187 0 0 0 0 0 END
START 5972 7080 -10468 32767 13241 -3129 0 0 0 0 0 END
START 7024 7304 -10632 32767 22254 -69 0 0 0 0 0 END
START 7184 12660 -9828 32767 24281 1091 0 0 0 0 0 END
START 4240 15532 -14600 32767 19663 -1857 0 0 0 0 0 END
START 8440 13732 -11220 32767 12636 -3094 0 0 0 0 0 END
START 7436 10508 -12560 32762 14228 -3563 0 0 0 0 0 END
START 6812 10132 -12704 32767 18108 -5076 0 0 0 0 0 END
START 5044 13000 -12964 32767 13393 -6169 0 0 0 0 0 END
START 5392 17112 -11864 32767 5752 -8611 0 0 0 0 0 END
START 3640 17080 -13532 29793 9789 -10988 0 0 0 0 0 END
START 2788 14480 -13356 26299 8081 -11189 0 0 0 0 0 END
START 1804 13892 -13948 25342 10338 -12398 0 0 0 0 0 END
START 2288 15892 -13948 25720 8557 -12563 0 0 0 0 0 END
START 2124 17204 -13560 23992 11551 -14685 0 0 0 0 0 END
START 1948 16648 -13584 24024 9496 -14602 0 0 0 0 0 END
START 900 16596 -12832 23214 8895 -13989 0 0 0 0 0 END
START -424 17040 -13564 20762 7923 -13457 0 0 0 0 0 END
START -1064 18472 -12608 17504 8126 -14115 0 0 0 0 0 END
START -196 17968 -12112 15467 7259 -15109 0 0 0 0 0 END
START 144 17028 -11304 15674 6458 -14732 0 0 0 0 0 END
START -560 16628 -10848 16496 6078 -14000 0 0 0 0 0 END
START -1040 18484 -11444 15100 4406 -14090 0 0 0 0 0 END
START -1308 20412 -11748 13362 3167 -13406 0 0 0 0 0 END
START -1176 21956 -12268 10939 3075 -11647 0 0 0 0 0 END
START 272 21988 -11488 9034 2577 -9185 0 0 0 0 0 END
START 564 21464 -11584 7734 782 -6778 0 0 0 0 0 END
START 856 20560 -11384 5500 -30 -5211 0 0 0 0 0 END
START 704 19500 -11892 3578 -1230 -4262 0 0 0 0 0 END
START 608 18952 -12120 2118 -1175 -3782 0 0 0 0 0 END
START 192 18868 -11592 112 -1255 -3403 0 0 0 0 0 END
START 704 18496 -11908 -1750 -1718 -2977 0 0 0 0 0 END
START 200 18036 -12588 -4097 -1670 -2543 0 0 0 0 0 END
START 392 17292 -12704 -6540 -300 -2111 0 0 0 0 0 END
START 888 16744 -12748 -9019 -531 -1882 0 0 0 0 0 END