START 2112 2088 11212 -2592 2466 -82 630 615 624 612 615 END
START 2048 1688 11408 -2582 2964 -63 630 615 624 612 615 END
START 2332 -40 11636 -2759 1864 -410 630 615 624 612 615 END
START 2056 -1508 11768 -1383 1432 -1428 630 615 624 612 615 END
START 1492 -2124 11524 1265 1720 -2912 629 615 624 612 616 END
START 1864 -1180 11728 2597 1988 -4531 629 615 624 612 616 END
START 1744 -596 11120 2232 1568 -6039 630 615 624 612 615 END
START 1372 256 11168 1348 1539 -7368 630 615 624 612 615 END
START 1384 1040 11092 -45 1280 -8537 630 616 624 612 615 END
START 1248 1292 11020 -922 1389 -9794 630 615 624 612 615 END
START 1584 1500 10892 -391 1580 -10797 630 615 623 612 615 END
START 1788 2192 11368 735 1201 -11636 630 616 623 612 615 END
START 2420 2696 12180 1076 1280 -12381 630 616 623 612 615 END
START 1956 3212 12852 1059 1348 -12915 630 616 623 613 616 END
START 948 4752 12928 -68 890 -13885 630 616 623 613 615 END
START 700 5616 12780 -1511 -29 -15139 630 616 623 613 615 END
START 1460 5564 12160 -953 -46 -16680 630 615 623 613 616 END
START 880 5200 12608 1886 -256 -17724 630 616 623 612 615 END
START 932 7812 12964 2021 -1219 -19493 630 616 623 612 616 END
START 1020 10292 12620 1697 -285 -20689 630 616 624 613 616 END
START 1776 10864 12388 -504 -1638 -20793 630 616 623 613 616 END
START 2236 10832 12256 -266 -1364 -20257 630 616 623 612 616 END
START 952 11488 12580 1926 -1009 -20176 630 616 623 613 616 END
START 796 13260 12408 2828 -897 -20614 630 616 623 613 616 END
START 2548 15024 11760 2376 -1540 -20904 630 616 623 613 616 END
START 2260 16888 11948 2107 -1209 -20421 630 616 623 613 616 END
START 2104 19092 11880 2239 -943 -19355 630 616 623 613 616 END
START 1296 21528 11824 2918 -1105 -17158 630 616 623 613 616 END
START 976 25376 12384 339 -2436 -12824 630 617 623 612 616 END
START 1736 25044 12948 -3727 -3766 -10024 630 617 623 613 617 END
START 2472 22128 13468 -2500 -4495 -7179 630 616 623 612 616 END
START 2496 20808 13752 1513 -4943 -4487 630 617 623 612 616 END
START 2752 18848 12920 5695 -5168 -1660 630 616 623 612 616 END
START 3132 16196 11276 10446 -5190 520 630 616 623 612 616 END
START 2696 14100 9600 15955 -5194 1748 630 616 623 612 617 END
START 2332 12568 7596 20718 -4299 1685 630 616 623 612 616 END
START 2352 11796 6584 23848 -1773 775 630 616 623 612 616 END
START 1836 11448 3724 26203 3193 -1863 630 617 623 612 616 END
START 1116 10512 2112 31382 9614 -1337 630 616 623 612 616 END
START 836 10516 -932 32767 7329 -1498 0 0 0 0 0 END
START 3712 10308 -3112 32767 12803 -715 628 615 622 610 615 END
START 1820 10464 -5684 32767 16241 4767 629 615 622 610 615 END
START 2428 12576 -7044 32767 13710 6356 628 615 622 610 615 END
START 1636 11024 -8824 32767 17184 5032 627 613 620 607 613 END
START 2524 9824 -9856 32767 17905 4940 629 615 622 609 615 END
START 2300 9440 -11084 32767 20273 6256 629 615 622 610 616 END
START 3396 11520 -10920 32767 21889 7754 629 616 623 610 615 END
START 3092 15372 -12212 32767 18461 5403 628 615 623 610 616 END
START 3172 14328 -10816 25982 12358 1003 628 614 621 609 614 END
START 2176 10520 -10112 23060 13510 -2207 626 613 620 608 613 END
START 104 8556 -10492 25444 12885 -1887 597 585 591 578 583 END
START 800 11196 -11312 28206 13630 -1691 0 0 0 0 0 END
START 1584 14192 -10500 26620 15830 -4922 0 0 0 0 0 END
START 2812 14576 -10012 22584 12124 -10189 0 0 0 0 0 END
START -212 12724 -12464 24213 3999 -11462 0 0 0 0 0 END
START -1812 12084 -11312 25724 7679 -11105 0 0 0 0 0 END
START -2456 12160 -11792 26686 9281 -9825 0 0 0 0 0 END
START -2204 15092 -13328 25086 8528 -9488 0 0 0 0 0 END
START -776 16680 -13688 19916 8238 -12169 0 0 0 0 0 END
START -776 14852 -15092 16172 2876 -14189 0 0 0 0 0 END
START -1284 13868 -13528 13639 7645 -15438 0 0 0 0 0 END
START -2684 14908 -13688 12335 11612 -16637 0 0 0 0 0 END
START -3264 15872 -13772 10041 4547 -17649 0 0 0 0 0 END
START -3168 15672 -13660 8484 5865 -17615 0 0 0 0 0 END
START -3608 15840 -13148 9004 5318 -15605 0 0 0 0 0 END
START -3796 16140 -13212 8957 4401 -14075 0 0 0 0 0 END
START -3204 15532 -13132 8456 3166 -12837 0 0 0 0 0 END
START -2536 15420 -12976 7964 2061 -11933 0 0 0 0 0 END
START -2452 15560 -12784 7398 1726 -11697 0 0 0 0 0 END
START -2376 15568 -12564 6735 944 -11395 0 0 0 0 0 END
START -3748 15640 -13564 6896 962 -9612 0 0 0 0 0 END
START -4096 16488 -13528 6684 -499 -7382 0 0 0 0 0 END
START -4352 17396 -13912 4399 -61 -6530 0 0 0 0 0 END
START -3480 17968 -14272 441 1570 -6602 0 0 0 0 0 END
START -3360 18776 -15240 -2620 -909 -6459 0 0 0 0 0 END
START -3056 18456 -15492 -5284 983 -6018 0 0 0 0 0 END
START -2624 18112 -15036 -5479 873 -3847 0 0 0 0 0 END
START -3376 18760 -14876 -5408 342 -1824 0 0 0 0 0 END