START 4240 1668 9944 -4180 6085 1176 629 612 626 609 612 END
START 4024 1260 10128 -3844 6647 869 629 612 626 608 612 END
START 3036 -228 11048 -3391 6363 -815 629 612 626 610 612 END
START 1452 -896 11580 -1498 6150 -2880 629 612 625 609 612 END
START 1292 -1696 11972 31 5274 -5003 629 612 626 610 613 END
START 700 -2044 11904 4260 5029 -6612 629 612 625 610 613 END
START 824 -40 12276 4334 3475 -7574 629 612 625 610 613 END
START 492 1004 12292 3264 3098 -7539 629 614 624 610 613 END
START 1016 1840 11764 1252 1809 -7415 629 613 624 611 613 END
START 1112 2696 11656 -475 1197 -7327 629 614 624 611 613 END
START 1668 3128 11904 -1489 939 -6791 629 613 624 611 614 END
START 2636 2604 11812 -2596 -63 -6651 629 614 624 611 614 END
START 2580 2132 11744 -1704 1026 -7636 629 614 624 611 614 END
START 2536 2852 12840 -1351 2235 -9468 630 614 624 611 614 END
START 3080 3984 13580 -2752 618 -11690 630 614 624 611 614 END
START 3012 4088 13296 -3856 115 -13811 630 614 624 611 615 END
START 2900 3804 12916 -3007 46 -14864 630 614 624 611 614 END
START 2024 3964 13112 -543 397 -14919 630 614 624 612 614 END
START 1836 5232 12768 1197 400 -14936 630 614 624 612 614 END
START 1256 6504 12956 1629 -154 -14648 630 615 624 612 614 END
START 660 6960 12816 173 -412 -13933 630 614 624 611 615 END
START 64 6448 12808 -1546 -2405 -14010 630 615 624 611 615 END
START 280 5952 12508 -479 -2761 -14601 630 615 624 612 614 END
START 916 6212 12212 836 -3015 -15321 630 614 624 611 614 END
START 1428 7352 11256 1726 -3912 -15148 629 615 624 612 615 END
START 1852 8096 10784 1678 -4525 -14941 630 614 624 611 614 END
START 1792 8744 10032 1843 -4921 -15450 629 614 624 612 615 END
START 2376 12092 10252 3065 -3826 -17086 630 615 624 612 615 END
START 3076 16440 10616 2162 -3389 -18329 630 615 624 611 615 END
START 3800 20128 11280 -318 -1238 -17568 630 615 624 611 615 END
START 3176 20156 11964 -880 -3804 -13956 630 615 625 612 615 END
START 4576 19996 12692 1332 -5220 -11691 630 615 624 612 615 END
START 4736 19160 13144 6884 -4385 -9561 630 615 625 612 615 END
START 4912 19036 12568 10976 -4180 -8538 630 615 624 612 615 END
START 4712 19472 11228 13058 -4608 -7696 630 615 624 612 615 END
START 4392 18492 10504 14585 -4012 -5952 630 615 625 612 615 END
START 4144 16928 9228 16790 -4993 -4936 630 615 624 612 615 END
START 4236 14680 8148 22319 -2746 -4479 630 616 625 612 615 END
START 3384 13564 5256 30661 6400 -5303 630 615 625 612 615 END
START 2120 13196 176 32767 10064 -7668 630 615 625 612 615 END
START 1280 13896 -1752 32767 10057 -5853 630 615 625 611 615 END
START 456 14024 -3996 32767 11186 78 0 0 0 0 0 END
START 1828 14576 -4788 32767 7603 2372 0 0 0 0 0 END
START 2936 12540 -3456 32767 9826 280 624 610 619 606 610 END
START 1724 10172 -5168 32767 6667 2166 623 609 619 605 610 END
START 2892 6696 -6920 32767 11863 2592 0 0 0 0 0 END
START 2720 6904 -9000 32767 12116 5316 0 0 0 0 0 END
START 3500 9936 -9588 32767 13632 6649 0 0 0 0 0 END
START 4492 11248 -9980 32767 16380 6616 0 0 0 0 0 END
START 4748 11108 -12076 32767 14575 3965 0 0 0 0 0 END
START 3852 10028 -11812 32767 9638 3835 0 0 0 0 0 END
START 3256 8216 -13300 32767 11986 1786 0 0 0 0 0 END
START 3128 10268 -14608 32767 10769 1366 0 0 0 0 0 END
START 4152 11068 -14440 30899 8494 -706 0 0 0 0 0 END
START 4448 11816 -14084 29517 7872 -2301 0 0 0 0 0 END
START 3652 11576 -15184 29124 7510 -4465 0 0 0 0 0 END
START 3720 11860 -17720 30222 4313 -7445 0 0 0 0 0 END
START 1992 12280 -15540 28047 3087 -7887 629 615 625 610 615 END
START 48 14652 -15272 23115 -657 -9731 629 616 625 611 615 END
START -724 14412 -15960 17320 949 -13528 629 615 625 610 615 END
START -1180 12784 -14692 14786 3767 -14810 629 615 624 610 615 END
START -1044 12100 -13936 15173 5000 -15321 629 615 624 610 615 END
START -1676 13012 -13920 15183 4579 -15668 629 616 624 610 615 END
START -2764 13436 -12836 14656 3181 -15782 629 615 624 610 615 END
START -3992 13284 -13884 13134 6186 -15533 629 616 624 611 615 END
START -4904 14176 -14044 9962 5954 -15491 0 0 0 0 0 END
START -3468 14384 -15224 9598 3029 -15705 629 615 624 611 615 END
START -2364 14912 -15404 8572 3414 -15789 0 0 0 0 0 END
START -1748 15052 -15068 8321 116 -14778 0 0 0 0 0 END
START -2924 15444 -15352 7001 -770 -13514 0 0 0 0 0 END
START -3140 15980 -14944 4031 -1667 -13310 0 0 0 0 0 END
START -3308 15584 -14668 1945 -1913 -11998 0 0 0 0 0 END
START -2892 15064 -14268 1008 -2139 -10351 628 615 623 610 615 END
START -2084 14552 -13652 1378 -2075 -8994 628 615 623 610 615 END
START -1244 13712 -13660 1493 -1692 -7939 629 615 623 610 614 END
START -1396 13588 -14172 550 -3082 -6813 629 615 623 610 615 END
START -2496 13772 -14400 -476 -4956 -5420 629 615 624 611 615 END
START -2912 13936 -14428 -1478 -1754 -5222 629 615 623 611 615 END
START -2884 13244 -14420 -1467 177 -4754 628 615 623 611 615 END
START -3088 12772 -15144 374 1923 -3046 629 616 624 611 615 END
START -2976 14508 -16656 1380 -227 -1366 627 614 623 610 614 END
START -2532 16904 -16712 -417 506 -877 627 614 622 602 589 END
START -2292 18908 -17484 -4462 524 31 0 0 0 0 0 END
START -1784 19544 -17564 -9480 2968 1113 0 0 0 0 0 END
START -1568 20084 -18204 -14552 -200 2589 0 0 0 0 0 END
START -2168 20144 -17896 -19313 -1313 3981 0 0 0 0 0 END
START -3308 20900 -17248 -25042 -583 3629 0 0 0 0 0 END