START 3428 2208 13700 -3464 2709 -3663 629 612 626 609 612 END
START 3108 1972 13912 -3068 3069 -3981 630 612 625 609 613 END
START 2504 1740 14524 -3629 2130 -5244 630 612 626 608 612 END
START 2592 1204 14628 -3291 1330 -6455 630 612 625 609 612 END
START 2544 1140 14380 -2045 880 -7296 629 612 626 609 612 END
START 2336 2016 14008 -1679 842 -7689 629 612 626 609 612 END
START 1648 2112 13384 -1622 201 -7737 629 612 626 609 612 END
START 1912 1684 12784 -752 -402 -7588 630 612 626 609 612 END
START 2340 1852 12664 -314 85 -7112 630 612 625 609 612 END
START 2656 1336 12896 -397 535 -7261 630 612 626 609 612 END
START 2824 1316 13384 -247 351 -8665 630 613 626 609 613 END
START 2508 2004 13796 -696 -188 -10664 630 612 626 609 613 END
START 2416 2900 14188 -2479 -988 -12212 630 612 626 609 612 END
START 2204 3536 14076 -4897 -2438 -13358 630 612 626 610 612 END
START 2820 3292 14032 -5923 -3642 -13279 630 613 626 609 613 END
START 3380 2924 13988 -4087 -4188 -13918 630 613 626 609 612 END
START 4232 3036 13564 -984 -4804 -15669 630 613 626 610 612 END
START 4688 5848 13552 2914 -3539 -17461 631 613 625 609 612 END
START 4304 9148 13028 2462 -4512 -18452 630 613 625 610 613 END
START 4920 10972 12048 571 -5516 -18860 631 613 625 610 613 END
START 5584 12956 11268 542 -5362 -18167 630 613 625 610 614 END
START 6836 14312 10688 2441 -5896 -16845 630 613 625 610 613 END
START 7780 16832 10508 4645 -5117 -15070 630 614 625 610 613 END
START 8876 18152 9996 5005 -4224 -12870 631 614 625 610 613 END
START 9496 18692 10128 3986 -3678 -10815 630 613 625 610 613 END
START 9200 17980 10312 4479 -3468 -9001 630 614 625 610 614 END
START 8684 17324 10016 4082 -5753 -7446 630 614 625 610 614 END
START 8328 16636 10440 4651 -4588 -5978 631 614 625 610 614 END
START 7952 15072 10044 5879 -4545 -4363 630 614 625 610 614 END
START 7060 12636 9196 8592 -6139 -2821 630 614 625 610 614 END
START 6540 9736 7656 15146 -5942 -2240 630 614 625 610 614 END
START 6160 7356 4904 25058 -5355 -2960 630 614 625 610 614 END
START 4608 7500 2184 32767 -4675 -5829 630 614 625 610 614 END
START 6064 8852 100 32767 9673 -5622 630 614 625 610 614 END
START 3944 10068 -4140 32767 18133 -8215 630 614 625 609 614 END
START 928 14108 -5700 32767 17687 -3478 622 606 616 599 602 END
START 3972 13496 -5228 32767 15246 -904 629 612 623 607 613 END
START 5608 10404 -8096 32767 13906 2017 627 611 622 605 611 END
START 5608 8660 -8480 32767 19247 3964 625 609 619 603 609 END
START 7316 8184 -8440 32767 18119 8167 0 0 0 0 0 END
START 4924 8676 -12096 32767 20144 3715 628 612 622 606 612 END
START 2732 10364 -9164 32767 21146 5275 628 612 622 606 612 END
START 4924 13896 -10328 32767 15153 -262 628 612 622 606 612 END
START 5688 14764 -11284 30389 8716 -4980 627 612 621 607 612 END
START 6428 12396 -10312 26779 9928 -8356 0 0 0 0 0 END
START 3236 11684 -11144 27763 11391 -9124 0 0 0 0 0 END
START 1652 13660 -11448 28166 12875 -10248 0 0 0 0 0 END
START 1668 15940 -11488 26032 11824 -12769 0 0 0 0 0 END
START 2188 14904 -10780 23781 9983 -15340 0 0 0 0 0 END
START 1140 13584 -11380 25139 9833 -15684 0 0 0 0 0 END
START -544 14496 -11620 27316 10385 -15589 0 0 0 0 0 END
START -2004 15580 -12472 26931 9643 -16373 0 0 0 0 0 END
START -3268 15612 -12248 25064 10356 -17435 0 0 0 0 0 END
START -2504 17640 -13744 21574 3097 -18393 0 0 0 0 0 END
START -1432 17272 -13340 18289 5869 -19636 0 0 0 0 0 END
START -1252 16260 -13268 16012 6055 -19088 0 0 0 0 0 END
START -2252 17296 -12624 14949 6752 -18326 0 0 0 0 0 END
START -2956 19144 -13036 13265 7169 -18979 0 0 0 0 0 END
START -3972 19740 -13524 11605 4773 -18954 0 0 0 0 0 END
START -4024 19024 -13400 11414 5025 -17147 0 0 0 0 0 END
START -4576 19048 -13236 12277 4643 -13393 0 0 0 0 0 END
START -3376 19856 -13048 12072 4450 -9708 0 0 0 0 0 END
START -1556 21424 -12708 10525 1878 -7602 0 0 0 0 0 END
START -768 22012 -12596 7382 2018 -6481 0 0 0 0 0 END
START -1020 21728 -12376 3973 1098 -5466 0 0 0 0 0 END
START -1188 20556 -12128 1081 391 -4167 0 0 0 0 0 END
START -1644 19008 -12476 57 794 -2381 0 0 0 0 0 END
START -1608 17556 -12240 -516 448 -121 0 0 0 0 0 END
START -1432 16444 -12268 -1188 -466 1591 0 0 0 0 0 END
START -1736 15028 -13216 -726 -2128 2603 0 0 0 0 0 END
START -1044 15256 -13304 327 -1382 2699 0 0 0 0 0 END
START -416 16008 -13592 676 -929 2341 0 0 0 0 0 END
START -12 17384 -14260 -946 -1174 1765 0 0 0 0 0 END
START 0 18964 -12748 -4455 2249 1748 0 0 0 0 0 END
START -1396 20148 -15864 -8505 270 2170 0 0 0 0 0 END
START 204 21244 -13760 -15117 -1024 1990 0 0 0 0 0 END
START 140 21884 -14308 -20874 -1016 2027 0 0 0 0 0 END
START 1392 21660 -13804 -25485 -458 2015 0 0 0 0 0 END