START 5668 -388 13632 -1362 1943 -1753 0 0 0 0 0 END
START 5692 -824 13624 -1535 1957 -1886 0 0 0 0 0 END
START 4868 -1192 13824 -1909 1389 -2405 0 0 0 0 0 END
START 3908 -1788 14068 -1943 971 -3067 0 0 0 0 0 END
START 4720 -2856 13724 -1840 389 -4055 0 0 0 0 0 END
START 4308 -3056 13204 -498 -174 -4842 0 0 0 0 0 END
START 4460 -2912 12224 75 -483 -5797 0 0 0 0 0 END
START 4612 -2768 11924 160 -403 -6831 0 0 0 0 0 END
START 4908 -2840 11948 12 -321 -7661 0 0 0 0 0 END
START 5752 -2728 12268 123 915 -8604 0 0 0 0 0 END
START 5480 -2008 12600 -943 965 -9494 0 0 0 0 0 END
START 4748 -1704 13396 -1323 1194 -10254 0 0 0 0 0 END
START 3444 -1080 14112 -1820 1320 -11004 0 0 0 0 0 END
START 2552 -1036 14476 -2076 484 -11845 0 0 0 0 0 END
START 2536 -44 13896 -2729 -1566 -12317 0 0 0 0 0 END
START 2648 784 13248 -3081 -2315 -13115 0 0 0 0 0 END
START 3320 820 12968 -2696 -2623 -14452 0 0 0 0 0 END
START 3784 1596 12640 -2043 -2488 -15705 0 0 0 0 0 END
START 3536 1704 12492 -858 -2586 -16685 0 0 0 0 0 END
START 2824 1496 11952 814 -2895 -17182 0 0 0 0 0 END
START 4660 1916 10904 2461 -3555 -18870 0 0 0 0 0 END
START 6568 4008 9116 3981 -6293 -20549 0 0 0 0 0 END
START 9052 6568 8504 4683 -5976 -21592 0 0 0 0 0 END
START 10732 8628 8252 3904 -5041 -21267 0 0 0 0 0 END
START 11408 11244 8804 3869 -2679 -20043 0 0 0 0 0 END
START 12212 14084 9276 212 -2613 -17821 0 0 0 0 0 END
START 12656 15960 9032 -1652 -2481 -16137 0 0 0 0 0 END
START 13516 16012 10760 -1045 -2744 -14971 0 0 0 0 0 END
START 14060 14896 10220 4478 -3521 -14091 0 0 0 0 0 END
START 13676 14552 10180 13314 -5004 -14469 0 0 0 0 0 END
START 14032 14648 8708 19750 -6382 -13975 0 0 0 0 0 END
START 12968 14836 7168 25130 -8213 -13199 0 0 0 0 0 END
START 12908 13168 5408 29589 -9026 -12890 0 0 0 0 0 END
START 10612 12228 1860 32767 -6528 -11636 0 0 0 0 0 END
START 9644 13324 -704 32767 -5298 -15053 0 0 0 0 0 END
START 10352 11092 -3788 32767 5766 -16569 0 0 0 0 0 END
START 8992 11852 -5040 32767 18422 -21297 0 0 0 0 0 END
START 6816 11612 -9524 32767 14688 -24225 0 0 0 0 0 END
START 7400 12168 -9420 32767 15169 -11284 0 0 0 0 0 END
START 7684 12512 -9648 32767 16316 -8269 0 0 0 0 0 END
START 5972 10452 -12184 32767 9485 -6138 0 0 0 0 0 END
START 8016 11408 -10816 32767 18634 -4730 0 0 0 0 0 END
START 6196 11588 -11940 32767 19755 -3505 0 0 0 0 0 END
START 5944 12704 -14268 32767 14560 -3282 0 0 0 0 0 END
START 8556 11496 -12780 32767 14575 -4245 0 0 0 0 0 END
START 6552 11192 -13272 32767 13653 -5467 0 0 0 0 0 END
START 5764 11072 -13404 32767 14322 -6785 0 0 0 0 0 END
START 4204 10288 -14664 31854 13708 -6375 0 0 0 0 0 END
START 4952 10976 -15712 31410 12785 -6730 0 0 0 0 0 END
START 3564 13532 -14292 29835 11578 -9157 0 0 0 0 0 END
START 5048 12340 -16376 27824 9643 -9694 0 0 0 0 0 END
START 5132 13744 -15368 25537 10765 -13179 0 0 0 0 0 END
START 4112 13920 -14224 22357 13539 -16279 0 0 0 0 0 END
START 3424 13680 -13464 20729 11251 -16655 0 0 0 0 0 END
START 744 14048 -14208 20848 10481 -15500 0 0 0 0 0 END
START 52 15512 -13220 20279 7329 -15180 0 0 0 0 0 END
START -1284 17632 -13208 19089 3015 -15998 0 0 0 0 0 END
START 1148 16340 -10036 17583 7543 -16718 0 0 0 0 0 END
START 432 16804 -11672 19560 7511 -15747 0 0 0 0 0 END
START -664 17340 -11940 19163 10247 -14665 0 0 0 0 0 END
START -984 17696 -13468 18241 9503 -13092 0 0 0 0 0 END
START -504 19676 -12884 16013 8450 -11842 0 0 0 0 0 END
START 1052 19200 -12776 13372 9628 -11705 0 0 0 0 0 END
START 940 19136 -13308 10895 5477 -10607 0 0 0 0 0 END
START 276 18028 -13172 9115 -19 -8739 0 0 0 0 0 END
START -444 18876 -14420 6321 2753 -8104 0 0 0 0 0 END
START 600 18348 -11556 2917 -1332 -6697 0 0 0 0 0 END
START -500 16916 -12924 2488 -886 -5690 0 0 0 0 0 END
START 148 16388 -11592 2133 -228 -5066 0 0 0 0 0 END
START -388 16420 -11980 2276 -1845 -3940 0 0 0 0 0 END
START -120 16648 -12160 1187 -599 -3300 0 0 0 0 0 END
START -988 15844 -13364 -104 -3201 -2269 0 0 0 0 0 END
START -16 15760 -13212 -18 -2424 -1519 0 0 0 0 0 END
START 684 16788 -13192 -1349 -1685 -971 0 0 0 0 0 END
START 496 18708 -13980 -5153 -711 -1080 0 0 0 0 0 END
START 828 20716 -14432 -13075 -226 -1619 0 0 0 0 0 END
START 780 19980 -14860 -21453 1408 -2006 0 0 0 0 0 END