START 3876 628 11452 -3587 4194 -1295 630 615 624 614 615 END
START 3668 400 11872 -2836 4270 -1722 630 615 624 614 615 END
START 3852 -204 12456 -463 3701 -2674 630 615 624 614 615 END
START 2452 848 13472 2455 5252 -2772 630 615 624 614 615 END
START 1524 2232 14868 1184 4337 -2846 630 615 623 614 615 END
START 1232 2724 15936 -3174 2104 -3076 631 615 623 615 615 END
START 1192 720 15920 -5565 286 -4285 630 615 624 615 615 END
START 1764 -1508 15308 -3980 -248 -5459 631 615 624 615 615 END
START 948 -1848 14820 125 -674 -7152 630 616 624 615 616 END
START 932 -340 14080 2800 -480 -8481 631 615 623 615 615 END
START 1164 1140 13324 2114 -1357 -8928 631 616 623 615 616 END
START 1528 1496 12464 1407 -1576 -8986 631 615 623 615 615 END
START 1444 1736 11968 879 -1874 -9348 631 615 623 615 615 END
START 924 1380 11464 734 -1207 -10056 631 616 623 615 616 END
START 596 920 11268 1032 -1735 -11173 631 615 623 615 616 END
START 1432 1132 11192 1534 -2418 -12479 630 616 623 615 616 END
START 2148 2588 10948 1318 -3177 -13407 631 616 623 615 615 END
START 2112 2420 10396 745 -3593 -14577 631 616 623 615 616 END
START 2164 3128 10004 439 -4313 -16490 631 615 623 616 616 END
START 3800 4996 9832 62 -2932 -18632 631 616 624 615 616 END
START 5540 7144 9704 -1942 -1633 -19785 631 616 624 616 616 END
START 5140 9660 10280 -4617 -1692 -20017 631 615 624 616 616 END
START 6160 12132 11608 -7740 294 -20992 631 616 623 615 615 END
START 6512 12872 12240 -7631 1131 -20536 631 616 624 615 616 END
START 6564 14516 13800 -5302 176 -19381 631 616 624 615 616 END
START 7668 16444 13492 -2656 159 -15465 630 616 623 616 616 END
START 7604 18252 13640 -1302 -242 -13969 631 616 623 616 616 END
START 7452 19508 13812 -899 -483 -12895 631 616 623 616 616 END
START 7196 18976 14524 162 -753 -12061 631 616 623 616 616 END
START 7172 17400 13944 4458 -986 -10614 631 616 623 616 616 END
START 7020 16412 13060 9442 -2062 -9631 631 616 623 616 617 END
START 5620 15548 11776 15255 -3538 -8406 631 616 623 616 617 END
START 4584 16768 9716 19485 -3967 -7416 631 616 623 616 616 END
START 4380 18192 7456 20458 -4443 -5785 631 616 623 616 616 END
START 4540 17680 5956 20069 -5048 -3800 631 616 624 616 617 END
START 4088 14656 3772 23013 -6218 -2908 631 617 624 616 617 END
START 4712 11348 3260 32767 -768 -5738 631 616 623 615 617 END
START 5384 12304 1496 32767 10349 -4644 631 616 624 615 617 END
START 6268 14524 -2512 32767 20120 -6083 0 0 0 0 0 END
START -1668 17880 -4500 32767 18756 -10982 0 0 0 0 0 END
START 5704 15804 -5804 32767 15058 3978 0 0 0 0 0 END
START 4560 16352 -8036 32767 16301 4108 0 0 0 0 0 END
START 4816 15288 -6420 32767 14090 4833 0 0 0 0 0 END
START 5748 14840 -8348 32767 20933 4086 0 0 0 0 0 END
START 6264 13844 -9088 32767 15657 6604 0 0 0 0 0 END
START 6768 12524 -10000 32767 17813 6096 0 0 0 0 0 END
START 6980 11176 -8876 32001 21539 4633 0 0 0 0 0 END
START 4040 11544 -11040 32767 21272 6252 0 0 0 0 0 END
START 3288 14140 -10308 32767 16906 4563 0 0 0 0 0 END
START 2284 14660 -11016 32669 13090 2808 0 0 0 0 0 END
START 4052 14024 -9244 26912 11195 200 0 0 0 0 0 END
START 3864 12296 -9852 25827 15265 -375 0 0 0 0 0 END
START 2948 10732 -10772 27549 15306 -562 0 0 0 0 0 END
START 2444 11088 -10748 29851 8814 -594 0 0 0 0 0 END
START 1996 12000 -11620 30714 11357 -1427 0 0 0 0 0 END
START 2184 13212 -11088 29138 9195 -3709 0 0 0 0 0 END
START 2532 12068 -11888 26459 8067 -5871 0 0 0 0 0 END
START 2900 11624 -12824 27207 7557 -6541 0 0 0 0 0 END
START 2528 12348 -13236 26980 6940 -7227 0 0 0 0 0 END
START 1420 13388 -12564 25351 8572 -8079 0 0 0 0 0 END
START 748 13504 -13700 23566 6389 -8713 0 0 0 0 0 END
START 1308 14760 -12388 21290 6939 -10512 0 0 0 0 0 END
START 2088 14996 -13536 19129 4673 -11351 0 0 0 0 0 END
START 2784 14604 -12084 16825 5128 -11353 0 0 0 0 0 END
START 1212 14344 -12844 14871 4046 -10214 0 0 0 0 0 END
START -620 14104 -12156 12265 4898 -9583 0 0 0 0 0 END
START -432 14136 -13548 10795 3697 -9662 0 0 0 0 0 END
START 1864 13944 -13296 10478 3558 -10615 0 0 0 0 0 END
START 3084 13692 -13024 11257 2188 -10909 0 0 0 0 0 END
START 2520 13784 -12912 11739 1099 -10057 0 0 0 0 0 END
START 828 15024 -13240 9810 -1336 -9073 0 0 0 0 0 END
START -872 16048 -13240 5909 -1164 -9024 0 0 0 0 0 END
START -260 15092 -13000 2953 1101 -8211 0 0 0 0 0 END
START 1144 14792 -13916 2164 191 -6242 0 0 0 0 0 END
START 2588 14840 -14300 2136 -790 -4836 0 0 0 0 0 END
START 2808 15252 -15148 2384 -2309 -4102 0 0 0 0 0 END
START 2976 15752 -15340 2142 -1928 -4132 0 0 0 0 0 END
START 2304 16468 -15596 1210 -2140 -3809 0 0 0 0 0 END
START 1600 17680 -16488 -949 -2117 -3123 0 0 0 0 0 END
START 1480 18064 -16660 -4204 -455 -1864 0 0 0 0 0 END
START 2376 18496 -16252 -7078 626 -972 0 0 0 0 0 END
START 2808 18444 -15888 -9535 958 -604 0 0 0 0 0 END
START 4016 19112 -15796 -11914 2377 -339 0 0 0 0 0 END