START 2240 2232 10708 -5098 1252 -3522 629 612 626 608 612 END
START 2332 1872 10600 -4978 1053 -3637 629 612 626 608 612 END
START 2532 564 10876 -3659 440 -4140 629 612 627 609 612 END
START 3224 436 10796 -1307 334 -4241 629 612 626 609 612 END
START 3276 860 10720 344 373 -4674 629 612 626 609 612 END
START 3732 1508 11080 328 829 -5706 629 612 626 609 612 END
START 3684 1792 11572 -1079 1205 -6869 629 612 626 609 612 END
START 3224 2060 12072 -2551 1106 -8039 629 612 626 609 612 END
START 2832 1864 12160 -3528 1057 -9045 629 612 626 609 612 END
START 3508 2188 12128 -3909 896 -10084 629 612 626 609 612 END
START 3080 2520 11824 -2688 -254 -10323 630 612 626 609 612 END
START 3228 2984 11820 -567 221 -10445 629 612 626 609 612 END
START 3036 3648 11740 -42 473 -10848 629 612 625 609 612 END
START 4184 4344 11552 -375 547 -11829 629 612 626 609 613 END
START 5048 5012 11392 -1642 561 -13219 629 612 626 609 613 END
START 5300 5824 12464 -3999 -466 -15154 630 613 625 610 613 END
START 3704 6308 12876 -5233 467 -16937 630 613 625 610 613 END
START 3360 6332 13272 -5663 116 -18543 629 613 625 610 613 END
START 2552 6692 12956 -3124 -1524 -19594 630 614 625 610 613 END
START 3892 7908 13236 1376 -1677 -20273 630 613 625 610 614 END
START 3804 11580 13276 3988 -1930 -20730 629 614 625 610 614 END
START 4192 14924 12952 4529 -2620 -20138 630 613 625 610 614 END
START 3904 17800 12508 737 -3881 -19085 630 614 625 610 614 END
START 4736 17928 12248 -1256 -5299 -17352 630 614 625 610 614 END
START 5492 18592 11528 -331 -5892 -16529 630 614 625 610 615 END
START 5792 18996 10740 3001 -5488 -12818 630 615 625 610 615 END
START 6396 20644 9996 3805 -5097 -11907 630 615 625 610 614 END
START 6720 20736 9236 3797 -4944 -9400 630 615 625 609 614 END
START 6944 20176 8712 3650 -4297 -7063 630 615 626 609 615 END
START 6636 18904 8472 3949 -3941 -5317 630 615 626 610 615 END
START 6472 17512 8424 4202 -3636 -3980 630 615 626 610 615 END
START 6436 15804 7956 4707 -3599 -2856 630 615 626 610 614 END
START 6708 13844 7652 6233 -3114 -2385 630 615 626 610 615 END
START 6256 12532 6904 8837 -2859 -2150 630 615 626 609 615 END
START 4808 11124 5208 13217 -3267 -2047 630 615 626 610 615 END
START 5308 10700 4896 18350 3616 -2564 630 615 626 610 615 END
START 3608 10808 3104 22477 6377 -5110 629 615 626 609 615 END
START 3204 10592 3200 25722 8204 -2012 628 613 624 607 613 END
START 3792 11604 72 27962 6002 -4737 627 613 624 606 613 END
START 5852 11332 472 31525 11171 -2961 627 613 625 607 613 END
START 2208 11952 -3392 32767 14518 -4508 625 610 622 603 610 END
START 4548 13056 -3520 32767 13976 3846 627 613 624 603 613 END
START 4392 13464 -4336 32767 14705 1964 627 614 624 599 613 END
START 3896 12940 -5388 32767 17603 2400 627 613 624 596 613 END
START 4084 11640 -6420 32767 17936 4645 626 612 624 594 612 END
START 3944 14408 -8728 32767 18489 5903 0 0 0 0 0 END
START 5508 13844 -10224 32767 13101 5436 0 1 0 0 0 END
START 4304 11980 -11280 32767 16333 4928 0 0 0 0 0 END
START 5028 14352 -11860 32767 12838 4295 0 0 0 0 0 END
START 5692 14464 -11528 32767 7223 3611 625 611 622 592 612 END
START 5736 14224 -10936 29715 12609 -152 625 611 622 593 612 END
START 4316 13116 -10836 28025 10163 -2391 625 611 622 593 611 END
START 3240 11388 -11616 27451 9849 -3106 625 611 621 593 611 END
START 3196 13044 -11132 26965 7257 -4575 624 611 621 594 611 END
START 2700 14112 -12160 23431 5712 -6767 0 0 0 0 0 END
START 3116 14528 -11440 19406 6628 -9962 0 0 0 0 0 END
START 2148 13576 -11712 16047 8274 -12016 0 0 0 0 0 END
START 348 12196 -11464 15052 8220 -12067 0 0 0 0 0 END
START -624 12124 -12080 16230 8586 -12178 0 0 0 0 0 END
START 84 13880 -12696 17678 8316 -13691 0 0 0 0 0 END
START 204 15904 -12688 17212 8084 -15296 0 0 0 0 0 END
START -1112 16540 -13088 16572 8065 -16032 0 0 0 0 0 END
START -1152 17032 -11808 14985 8310 -15925 0 0 0 0 0 END
START -1084 18284 -11044 12267 6330 -15402 0 0 0 0 0 END
START -1652 19664 -11344 9405 5585 -14951 0 0 0 0 0 END
START -1996 19712 -10624 6386 5448 -14173 0 0 0 0 0 END
START -2208 19208 -10540 4074 4201 -13292 0 0 0 0 0 END
START -1536 18176 -10660 3121 4786 -12396 0 0 0 0 0 END
START -1484 18072 -10088 3467 3026 -11178 0 0 0 0 0 END
START -1828 18284 -9860 3708 2839 -10183 0 0 0 0 0 END
START -1720 18500 -9904 3862 3076 -8875 0 0 0 0 0 END
START -1440 18996 -10228 3626 1534 -7347 0 0 0 0 0 END
START -1112 19504 -10356 1984 809 -6427 0 0 0 0 0 END
START -848 18884 -10840 315 -652 -5302 0 0 0 0 0 END
START -1404 18648 -11420 -955 130 -4342 0 0 0 0 0 END
START -1052 18720 -11644 -2249 -8 -3428 0 0 0 0 0 END
START -976 18396 -12248 -3533 -618 -2858 0 0 0 0 0 END
START -868 18316 -13156 -4270 -659 -2009 0 0 0 0 0 END
START -148 19040 -12756 -5477 -1417 -1611 0 0 0 0 0 END
START -296 19432 -12920 -8272 -2199 -1737 0 0 0 14 0 END