START 2196 2568 8764 -2431 3026 -1639 0 0 0 0 0 END
START 2088 2896 9004 -1514 3466 -1573 0 0 0 0 0 END
START 1960 2852 9348 -164 4492 -2043 0 0 0 0 0 END
START 672 2972 9640 124 4079 -2124 0 0 0 0 0 END
START -152 2756 10472 262 4897 -2209 0 0 0 0 0 END
START -160 3024 11076 -1811 4069 -2332 0 0 0 0 0 END
START -108 2300 11668 -4610 1529 -2206 0 0 0 0 0 END
START 484 856 11760 -4828 1267 -2237 0 0 0 0 0 END
START 620 200 12212 -4211 -4 -2019 0 0 0 0 0 END
START 1216 400 12400 -4456 -268 -2552 0 0 0 0 0 END
START 952 1016 13080 -3913 56 -2946 0 0 0 0 0 END
START 1260 1084 13344 -4104 1177 -3822 0 0 0 0 0 END
START 1804 552 13324 -4762 459 -4752 0 0 0 0 0 END
START 1444 -284 13296 -4051 292 -5945 0 0 0 0 0 END
START 1504 -836 13548 -1240 762 -7156 0 0 0 0 0 END
START 1088 -616 13656 959 148 -8750 0 0 0 0 0 END
START 404 812 13812 3516 -333 -10136 0 0 0 0 0 END
START -448 2828 13128 3650 -624 -11508 0 0 0 0 0 END
START 420 3852 12972 3627 -1496 -11886 0 0 0 0 0 END
START 984 4564 12432 3050 -2992 -11154 0 0 0 0 0 END
START 932 4504 12068 2852 -3953 -10578 0 0 0 0 0 END
START 1360 5028 11488 3111 -4753 -10542 0 0 0 0 0 END
START 2008 5860 11316 2488 -4504 -11336 0 0 0 0 0 END
START 3052 6724 11552 89 -3925 -12456 0 0 0 0 0 END
START 5080 6488 11932 -2864 -3424 -13433 0 0 0 0 0 END
START 4140 6248 11880 -4523 -2782 -14537 0 0 0 0 0 END
START 4768 6556 11888 -5966 -4551 -16041 0 0 0 0 0 END
START 5596 9020 12272 -5626 -2255 -18296 0 0 0 0 0 END
START 6572 11520 12332 -8219 -2533 -20591 0 0 0 0 0 END
START 7692 15104 13452 -11268 -1510 -20690 0 0 0 0 0 END
START 8428 15116 13320 -14664 -422 -20012 0 0 0 0 0 END
START 8804 13968 13720 -11883 352 -17840 630 616 625 614 616 END
START 8720 13912 14252 -5687 952 -15325 630 616 625 615 616 END
START 7732 16648 15212 601 1628 -13089 631 616 625 615 616 END
START 7368 19168 15908 4027 -460 -10842 631 616 624 615 616 END
START 7344 19660 16080 5554 -725 -8750 631 616 625 615 616 END
START 6936 18832 15664 6980 -1940 -6729 631 616 625 615 616 END
START 6808 16972 15208 9316 -3139 -5092 631 616 625 615 616 END
START 6624 14968 13992 14645 -3616 -3724 631 616 625 615 616 END
START 6348 13140 11900 21136 -4110 -2726 631 616 625 615 616 END
START 5648 11808 9300 24738 -5272 -2802 631 616 625 615 616 END
START 5276 10828 6500 28798 -3548 -3037 631 616 625 615 616 END
START 4012 9404 4584 32611 4696 -4375 631 616 625 615 616 END
START 2472 9932 1604 32767 7873 -4644 631 616 624 615 616 END
START 2972 10752 284 32767 7719 -3058 630 616 623 613 615 END
START 2660 11816 -1420 32767 10192 -2666 627 613 621 609 611 END
START -2324 12432 -3400 32767 15765 -2865 626 612 619 607 607 END
START 3720 11060 -5588 32767 10859 1959 0 0 0 0 0 END
START 4508 11208 -6136 32767 16348 3040 0 0 0 0 0 END
START 644 10140 -10516 32767 5233 5160 0 0 0 0 0 END
START 5648 10300 -6132 32767 19748 2712 0 0 0 0 0 END
START 5124 11464 -8760 32767 16304 4769 0 0 0 0 0 END
START 3468 12784 -8840 32767 13028 2919 0 0 0 0 0 END
START 4676 12612 -8728 32767 17216 2424 0 0 0 0 0 END
START 2872 12288 -10436 32767 13026 1935 0 0 0 0 0 END
START 4852 13180 -9948 32767 9619 -419 0 0 0 0 0 END
START 4604 12112 -10552 32767 15566 -2793 0 0 0 0 0 END
START 3968 11856 -11852 32767 11302 -1315 0 0 0 0 0 END
START 4256 13440 -10520 32767 6088 -1453 0 0 0 0 0 END
START 2928 13428 -13136 31652 4566 -2450 0 0 0 0 0 END
START 4100 13436 -12356 29773 5974 -4657 0 0 0 0 0 END
START 2496 11936 -14140 28074 6185 -6839 0 0 0 0 0 END
START 808 9960 -14284 29977 6404 -6775 0 0 0 0 0 END
START -184 11012 -15396 30741 6884 -6810 0 0 0 0 0 END
START -4 12180 -15752 30399 7831 -7856 0 0 0 0 0 END
START 1324 13024 -15940 27231 5495 -9525 0 0 0 0 0 END
START 1060 12848 -15828 23337 7628 -11390 0 0 0 0 0 END
START 1100 12656 -16412 19845 6718 -12544 0 0 0 0 0 END
START 172 14272 -15928 16519 5336 -13767 0 0 0 0 0 END
START 348 14156 -15324 12863 4692 -15467 0 0 0 0 0 END
START -964 14280 -14616 11710 5995 -15973 0 0 0 0 0 END
START -2720 14760 -14212 11341 5581 -15767 0 0 0 0 0 END
START -3200 15988 -14512 10424 4545 -14856 0 0 0 0 0 END
START -2208 17816 -13408 7989 3781 -14558 0 0 0 0 0 END
START -1192 17992 -13088 5540 2677 -14379 0 0 0 0 0 END
START -556 18116 -12648 4125 1477 -13444 0 0 0 0 0 END
START -1412 18212 -12976 2310 2598 -12457 0 0 0 0 0 END
START -1948 18060 -12980 1035 911 -10689 0 0 0 0 0 END
START -2124 18376 -13232 -408 584 -9587 0 0 0 0 0 END
START -1612 18568 -13704 -1120 841 -8566 0 0 0 0 0 END
START -568 19276 -13444 -2297 557 -7765 0 0 0 0 0 END
START -304 19764 -13452 -4097 -1367 -6538 0 0 0 0 0 END
START 16 20776 -13572 -8558 -161 -6211 0 0 0 0 0 END
START 516 21040 -13696 -14217 -821 -5080 0 0 0 0 0 END