START 3468 824 9780 -1515 4315 -3864 629 614 625 611 614 END
START 2612 652 9748 -410 4134 -4363 630 614 625 612 614 END
START 2288 1324 10948 3093 5084 -5704 630 614 625 612 614 END
START 2004 2112 10276 4215 3331 -6533 629 614 625 612 615 END
START 1748 4204 11016 3156 3497 -6625 630 615 625 612 614 END
START 2096 4852 12020 -800 3392 -6578 630 615 625 612 614 END
START 1336 3864 12312 -4341 1271 -6968 630 615 625 612 615 END
START 2456 2568 13056 -5503 2220 -7158 630 615 624 612 615 END
START 2520 2628 13664 -5375 1348 -8056 630 615 625 612 615 END
START 2900 2036 13344 -5007 747 -9006 630 615 625 612 615 END
START 2656 1840 13296 -4237 1356 -10239 630 615 624 612 615 END
START 1364 2456 13208 -3496 1073 -11589 630 615 624 612 615 END
START 272 3136 12876 -3689 514 -12905 630 615 624 613 615 END
START 112 3756 12364 -3908 -254 -14422 630 615 624 613 615 END
START 1472 4736 12232 -3592 -924 -15018 630 615 624 612 615 END
START 2160 6104 13080 -3565 -773 -14784 630 615 624 612 615 END
START 1548 7128 13564 -5586 -641 -14762 630 615 624 612 615 END
START 724 6636 13756 -7486 -1287 -14860 630 615 624 613 615 END
START 1432 5280 13908 -8671 -1754 -15956 630 615 624 613 615 END
START 3048 5196 14080 -7656 -3516 -17371 630 615 624 613 616 END
START 3592 6224 13584 -7052 -5049 -18181 630 615 625 613 615 END
START 3184 10288 14292 -8634 -6248 -16727 630 615 624 613 615 END
START 2836 11600 13292 -6977 -5968 -15184 630 615 625 613 615 END
START 4440 14516 13464 -8654 -7361 -12976 630 615 625 613 615 END
START 6416 13952 12796 -7641 -5732 -13830 630 615 626 613 615 END
START 6356 15048 13016 -4444 -3608 -14491 630 615 626 613 615 END
START 6372 16532 12560 -1581 -1370 -15694 631 615 626 613 615 END
START 6056 17340 12476 1803 -261 -13981 630 615 626 613 615 END
START 5508 18248 12692 4147 -249 -11103 630 615 626 613 614 END
START 5528 17348 12676 4342 -1461 -8975 630 615 626 613 615 END
START 5892 15996 12524 6096 -2285 -7740 630 615 626 613 615 END
START 6304 15000 11308 7022 -3577 -6571 630 615 626 613 615 END
START 5688 13956 10124 10753 -3343 -5495 631 615 626 613 615 END
START 5400 13288 8804 14249 -2924 -5025 630 615 626 613 615 END
START 4656 11592 7376 18845 -1883 -4902 630 615 626 613 615 END
START 4228 10688 6072 26261 1585 -4571 630 615 626 613 615 END
START 3876 11436 5372 31164 8409 -4282 630 615 626 613 615 END
START 2164 12456 2472 31662 8697 -4324 630 615 626 613 615 END
START 2588 11804 1596 32767 7850 -1742 630 615 626 612 615 END
START -1136 11660 2688 32767 8599 -232 0 0 0 0 0 END
START 2448 13852 -1860 32767 9543 102 624 609 619 604 606 END
START 1044 15156 -3344 32767 9143 6041 627 612 623 608 613 END
START 764 14160 -740 30601 9883 6732 0 0 0 0 0 END
START 3184 12688 -1032 26867 8755 7508 0 0 0 0 0 END
START 4532 12348 -2768 27618 10050 8749 0 0 0 0 0 END
START 4772 12524 -4060 29209 9440 9408 0 0 0 0 0 END
START 4540 12684 -5032 30356 10073 8348 0 0 0 0 0 END
START 5000 12880 -5188 30961 13426 7516 0 0 0 0 0 END
START 3604 14436 -7320 30803 10324 4744 0 0 0 0 0 END
START 5464 14464 -5412 30727 9126 4237 0 0 0 0 0 END
START 4852 12672 -7616 31625 13251 1212 0 0 0 0 0 END
START 4544 11912 -10668 32767 7369 2661 0 0 0 0 0 END
START 6256 13980 -11268 32767 9700 1287 0 0 0 0 0 END
START 6952 15728 -11132 32767 10126 -347 0 0 0 0 0 END
START 6772 16240 -11108 31890 8853 -3944 0 0 0 0 0 END
START 5120 15500 -10780 31256 6741 -6571 0 0 0 0 0 END
START 3420 14900 -10900 29048 3786 -8225 0 0 0 0 0 END
START 1828 15464 -11500 28012 7363 -9354 0 0 0 0 0 END
START 1256 17168 -12008 24465 7498 -10493 0 0 0 0 0 END
START 1552 17560 -12236 19972 9351 -12269 0 0 0 0 0 END
START 1860 17628 -11656 15634 10455 -14000 0 0 0 0 0 END
START 1696 16000 -10824 13204 11752 -14846 0 0 0 0 0 END
START -96 15020 -10004 12656 14117 -14076 0 0 0 0 0 END
START -276 15020 -10536 13027 12628 -13580 0 0 0 0 0 END
START -1016 15768 -9768 12236 10454 -14342 0 0 0 0 0 END
START -1132 16844 -9356 10946 9997 -15190 0 0 0 0 0 END
START -916 16376 -9096 9470 9292 -15640 0 0 0 0 0 END
START -1848 15884 -8684 10000 8012 -14737 0 0 0 0 0 END
START -2544 16168 -9156 10472 6983 -13707 0 0 0 0 0 END
START -2132 17004 -9320 9664 5981 -13171 0 0 0 0 0 END
START -1304 17136 -9804 8241 4610 -12937 0 0 0 0 0 END
START -636 17476 -9672 6836 4262 -12636 0 0 0 0 0 END
START -216 17888 -9356 5393 3654 -11975 0 0 0 0 0 END
START -956 18076 -9512 3377 3572 -11035 0 0 0 0 0 END
START -1620 18084 -9996 1269 3185 -9930 0 0 0 0 0 END
START -2176 18476 -10420 -498 2716 -8867 0 0 0 0 0 END
START -1284 18164 -10744 -1440 1887 -7991 0 0 0 0 0 END
START -372 17224 -10720 -575 1431 -6586 0 0 0 0 0 END
START -344 17400 -10984 812 21 -5159 0 0 0 0 0 END
START -164 17652 -10812 394 -725 -4439 0 0 0 0 0 END
START -636 17784 -10724 -115 -728 -3184 0 0 0 0 0 END
START -1284 17604 -10256 -1023 -450 -1671 0 0 0 0 0 END
START -1436 17916 -10884 -2239 -1024 -440 0 0 0 0 0 END
START -776 18516 -10648 -4003 -116 -120 0 0 0 0 0 END
START -260 18892 -10492 -6299 92 -439 0 0 0 0 0 END
START -340 19664 -10880 -9143 1645 -1316 0 0 0 0 0 END