START 2088 2264 9936 1978 4613 -4072 630 614 625 611 614 END
START 1800 2540 10032 1600 4197 -4249 630 615 624 612 615 END
START 1560 2684 10756 139 3963 -4848 630 615 624 612 615 END
START 1288 2680 11252 -1699 2297 -5315 630 615 624 612 615 END
START 856 2588 11352 -2133 1775 -5649 630 615 624 612 615 END
START 1112 2224 11680 -1045 2398 -6388 630 615 624 612 615 END
START 1424 2840 11796 -732 2645 -7093 630 615 624 612 615 END
START 1020 3312 12164 -610 3104 -7477 630 616 624 612 615 END
START 1140 3956 13052 -2175 3615 -8033 630 615 623 612 615 END
START 676 3796 13276 -2391 3474 -9193 630 615 623 612 616 END
START -252 3068 13160 -1954 1944 -10507 630 615 623 612 616 END
START -196 4076 13364 -246 1394 -11901 631 615 623 613 615 END
START -584 5056 13308 -524 382 -12465 630 615 623 613 615 END
START 768 5708 12480 -2185 -580 -12885 630 616 623 612 615 END
START 1228 7324 12592 -5579 -1442 -13174 630 616 623 613 615 END
START 2016 7080 12200 -10391 -1567 -12612 630 615 623 612 615 END
START 1240 4560 12488 -11484 -1822 -12927 630 616 623 613 616 END
START 1124 3348 13388 -7977 -1544 -14174 630 616 623 612 616 END
START 1612 3968 13624 -2176 -947 -16287 630 616 623 613 616 END
START 1972 6920 13188 1966 60 -18228 630 616 623 613 616 END
START 2088 10852 13176 2298 639 -19277 630 616 623 612 616 END
START 2260 12548 13624 590 715 -19874 630 615 623 612 615 END
START 2308 13044 13600 416 1104 -19567 631 616 623 612 616 END
START 2096 12964 13796 3252 133 -19117 630 616 623 613 616 END
START 2216 16072 13268 6161 -512 -17525 630 616 623 613 616 END
START 1824 18492 13236 4324 -1868 -14969 630 615 623 612 616 END
START 2276 18316 12884 126 -3334 -13226 630 616 623 612 616 END
START 3096 16944 13040 -284 -4355 -11841 630 616 623 612 616 END
START 3100 16248 12932 2675 -4670 -10928 631 616 623 612 616 END
START 3824 16640 12240 6352 -3591 -10162 630 616 623 612 616 END
START 3740 16988 11260 9198 -1986 -8853 630 616 623 612 616 END
START 2696 18308 10952 10797 -1017 -6898 631 616 623 612 616 END
START 2016 18848 10540 7667 -2585 -4561 631 616 623 612 616 END
START 2128 17288 9896 5219 -4201 -2630 631 617 624 613 616 END
START 2240 15504 9148 5952 -5177 -1013 630 616 624 612 616 END
START 2140 14176 7796 9329 -5140 221 630 616 624 612 616 END
START 1972 11564 6228 16590 -3878 1081 630 616 624 612 616 END
START 2220 9976 4780 26098 2217 875 630 616 624 612 616 END
START 2072 13160 4060 31779 7123 1850 630 616 624 612 616 END
START 680 14348 864 30621 6448 1007 630 616 624 612 616 END
START 2692 12560 164 32012 11155 890 627 613 621 608 613 END
START 1312 9072 -688 32767 12343 -69 627 612 620 607 612 END
START -2020 8680 -2972 32767 15775 4313 626 612 620 608 612 END
START 2836 11744 1216 32767 21353 10277 626 612 620 608 613 END
START 3280 14356 -3196 32767 13730 10776 626 612 620 607 612 END
START 1676 12592 -7468 32767 16068 8340 626 612 619 607 612 END
START 3968 12688 -5128 32767 10381 8063 626 612 619 607 612 END
START 4628 12256 -7612 32767 15965 4054 623 609 616 604 608 END
START 5300 12092 -9396 32767 8389 5542 625 612 620 607 612 END
START 5292 12624 -11560 32767 9278 4294 625 612 619 607 611 END
START 5004 13368 -11884 32767 11047 3121 607 594 600 589 592 END
START 4208 13904 -12784 32767 9082 2103 605 591 597 586 590 END
START 4796 14076 -14012 30389 9146 172 624 611 618 606 611 END
START 4628 13540 -14220 27077 4745 -2228 624 610 618 606 611 END
START 3936 12116 -16732 25431 3160 -4514 621 608 614 602 607 END
START 3416 12968 -15816 25274 5756 -7045 626 613 619 608 613 END
START 1940 13100 -15268 22698 4492 -9281 625 612 619 607 612 END
START 604 13348 -15440 20422 6446 -10403 602 589 595 584 586 END
START 320 14068 -15052 16764 7565 -11576 0 0 0 0 0 END
START 348 13692 -14972 13333 7788 -12722 0 0 0 0 0 END
START -100 12948 -14904 10974 6891 -13367 0 0 0 0 0 END
START 304 11784 -14436 8781 7476 -13679 0 0 0 0 0 END
START 840 11432 -13200 8884 7310 -13045 0 0 0 0 0 END
START -604 12612 -13308 9247 9344 -13434 0 0 0 0 0 END
START -1164 12068 -13268 8925 6585 -14071 0 0 0 0 0 END
START -1444 11328 -12900 9483 8102 -13689 0 0 0 0 0 END
START -2560 12036 -13680 10159 4857 -13259 0 0 0 0 0 END
START -2600 12784 -13820 8490 5573 -14347 0 0 0 0 0 END
START -1880 13416 -13232 7695 4377 -14747 0 0 0 0 0 END
START -1936 13992 -13044 6401 3811 -14590 0 0 0 0 0 END
START -1116 14040 -12564 5478 2432 -13455 0 0 0 0 0 END
START -1304 14676 -12320 4836 2013 -12471 0 0 0 0 0 END
START -1924 15628 -12260 3741 183 -11481 0 0 0 0 0 END
START -2600 16720 -12444 2350 774 -10600 0 0 0 0 0 END
START -2376 16872 -11924 822 1869 -9565 0 0 0 0 0 END
START -1924 16280 -11916 275 1044 -7914 0 0 0 0 0 END
START -2064 15032 -12152 817 231 -5577 0 0 0 0 0 END
START -1976 13992 -12492 1597 -90 -3361 0 0 0 0 0 END
START -1052 13404 -12876 2055 -676 -2159 0 0 0 0 0 END
START -620 13580 -13968 1817 -861 -2096 0 0 0 0 0 END
START -644 13948 -14388 523 -124 -2685 0 0 0 0 0 END
START -1072 14112 -15140 -1371 205 -3012 0 0 0 0 0 END
START -1480 14356 -15420 -3360 -131 -2771 0 0 0 0 0 END
START -1568 14080 -15252 -4771 -926 -1501 0 0 0 0 0 END
START -1388 15084 -15352 -6105 -787 -124 0 0 0 0 0 END
START -888 16648 -15076 -9431 -418 -105 0 0 0 0 0 END
START 48 17456 -15128 -13777 -366 -650 0 0 0 0 0 END
START 180 17756 -14768 -18262 -1436 -986 0 0 0 0 0 END