START 5576 4632 8124 -6025 2269 -5030 628 609 624 605 610 END
START 5196 4812 8320 -5697 2682 -5246 629 609 624 605 609 END
START 4488 5108 8968 -6234 2880 -5930 628 610 625 605 610 END
START 3348 4972 9732 -6899 2906 -6463 629 610 625 606 610 END
START 3120 5060 10560 -7401 2716 -6960 629 610 624 605 609 END
START 2312 4956 11176 -8607 1938 -7583 629 609 625 605 609 END
START 1748 4492 11352 -8470 1866 -8175 629 609 625 606 610 END
START 1328 4264 11780 -7024 1432 -8552 629 610 624 605 609 END
START 964 4176 12228 -5717 989 -8959 629 610 625 606 610 END
START 768 3996 12512 -3650 950 -9169 629 610 625 606 610 END
START 756 3948 12124 -2288 677 -9698 629 610 625 606 610 END
START 712 4748 12096 -2552 -1020 -10595 629 610 625 605 610 END
START 1556 5104 10844 -1851 -1849 -11666 629 610 625 606 610 END
START 1508 6304 11440 -2334 -2154 -12416 629 610 625 606 610 END
START 1880 6140 10688 -4202 -2634 -12473 629 610 625 606 610 END
START 2376 5992 11468 -5888 -3420 -12471 629 610 625 606 610 END
START 4004 5072 11228 -4998 -6101 -13510 629 610 625 606 610 END
START 4468 6200 11100 -3275 -6275 -15541 629 610 625 606 610 END
START 4872 7468 10700 -3680 -5146 -17344 629 610 625 606 610 END
START 6096 9440 10288 -6960 -6181 -18787 629 610 625 606 610 END
START 6672 11988 10796 -7275 -6085 -18858 629 610 625 606 610 END
START 8000 13340 11064 -8181 -7088 -17977 629 610 625 606 610 END
START 8316 14824 11656 -7249 -8331 -17595 629 610 626 607 610 END
START 8232 16668 10760 -5733 -7542 -17402 629 610 625 606 610 END
START 7644 19668 10244 -5145 -5632 -17187 629 610 625 606 610 END
START 7428 21412 10352 -5882 -3916 -16337 630 610 626 606 610 END
START 6764 21532 10828 -6415 -3955 -14392 629 611 626 606 610 END
START 6520 20012 10836 -4055 -4814 -10813 629 611 625 606 611 END
START 5700 19452 10564 -2032 -6832 -8030 629 610 625 606 610 END
START 5692 17860 11152 1010 -6389 -6177 629 610 626 606 611 END
START 5848 16456 9396 4192 -6451 -5336 629 610 626 606 610 END
START 5632 15688 8308 8750 -3788 -4425 629 611 626 606 610 END
START 5484 14740 7280 10174 -4087 -3286 629 610 625 606 611 END
START 4836 13708 6628 12168 -4116 -2232 629 611 625 606 611 END
START 3912 12488 5476 14386 -4625 -1128 629 611 625 607 610 END
START 4180 11096 4656 16973 -4138 -451 628 610 625 606 610 END
START 4752 10572 3368 20320 -5143 -21 598 581 596 578 582 END
START 5104 9628 2332 24587 5204 -1065 623 605 620 601 605 END
START 3944 10412 912 28910 8933 -3348 0 0 0 0 0 END
START 4344 9952 276 32038 9612 -2232 0 0 0 0 0 END
START 5132 10020 -404 32767 10590 -4352 0 0 0 0 0 END
START 804 6332 -1492 32767 11760 -9821 0 0 0 0 0 END
START 3696 9512 -2936 32767 12517 2166 0 0 0 0 0 END
START -388 9716 -8124 32767 17001 -407 0 0 0 0 0 END
START 6700 8748 -6496 32767 15068 8339 0 0 0 0 0 END
START 3528 9796 -10636 32767 23660 4941 0 0 0 0 0 END
START 5224 10332 -8992 32767 18187 7570 0 0 0 0 0 END
START 5272 10364 -11552 32767 13105 4008 0 0 0 0 0 END
START 5908 11732 -9600 32767 11591 3427 0 0 0 0 0 END
START 5020 9960 -12064 32767 6192 2989 0 0 0 0 0 END
START 5960 9972 -11608 32767 8705 790 0 0 0 0 0 END
START 3952 9268 -14488 32767 9534 -1599 0 0 0 0 0 END
START 4620 10152 -12584 31303 5339 -2287 0 0 0 0 0 END
START 6012 10808 -13700 29854 8057 -4447 0 0 0 0 0 END
START 5944 10976 -14740 28120 2137 -5935 0 0 0 0 0 END
START 4924 10892 -15524 26742 5818 -9002 0 0 0 0 0 END
START 3576 10480 -16400 26228 5532 -10088 0 0 0 0 0 END
START 3216 10848 -17452 23900 6497 -11638 0 0 0 0 0 END
START 1472 10572 -17480 21320 4597 -13497 0 0 0 0 0 END
START 2324 10876 -17800 20079 6987 -15233 0 0 0 0 0 END
START 2508 12460 -16684 18477 7791 -17490 0 0 0 0 0 END
START 1708 11876 -16224 18000 7519 -19128 0 0 0 0 0 END
START -32 11468 -15504 17702 6394 -20187 0 0 0 0 0 END
START -488 11200 -16176 16859 6587 -20759 0 0 0 0 0 END
START -1604 12656 -14896 16892 6579 -21352 0 0 0 0 0 END
START -3028 14344 -14504 15737 5834 -22127 0 0 0 0 0 END
START -3676 14348 -13392 14911 7565 -22072 0 0 0 0 0 END
START -2488 14776 -12716 15540 6482 -20784 0 0 0 0 0 END
START -3152 15004 -12584 14998 5337 -19821 0 0 0 0 0 END
START -4508 16108 -13628 14209 3178 -18499 0 0 0 0 0 END
START -4636 17196 -14920 12614 1277 -17055 0 0 0 0 0 END
START -3800 18224 -16628 10518 3787 -15510 0 0 0 0 0 END
START -884 18128 -15700 10214 1202 -13760 0 0 0 0 0 END
START -696 19020 -15340 8077 279 -12472 0 0 0 0 0 END
START -252 19508 -14812 5748 -906 -10877 0 0 0 0 0 END
START -44 18880 -14432 3694 -2882 -9169 0 0 0 0 0 END
START -1160 18292 -14044 2169 -1054 -7197 0 0 0 0 0 END
START -2000 17472 -14332 702 -2737 -5391 0 0 0 0 0 END
START -1620 16704 -13904 -266 -829 -4655 0 0 0 0 0 END
START -1512 15852 -14120 -1321 -747 -4006 0 0 0 0 0 END
START -816 15412 -14796 -2075 -662 -2919 0 0 0 0 0 END
START -412 15764 -15596 -3425 -326 -2221 0 0 0 0 0 END
START -548 15900 -15820 -6005 416 -1827 0 0 0 0 0 END