START 4740 -260 12080 -8635 3744 1328 0 0 0 0 0 END
START 4396 -700 12420 -8036 3218 1279 0 0 0 0 0 END
START 4880 -1676 12140 -6908 2908 331 0 0 0 0 0 END
START 4588 -2448 12528 -4136 2794 -377 0 0 0 0 0 END
START 3740 -2620 12280 -2414 2323 -1468 0 0 0 0 0 END
START 3404 -3076 12008 -637 1198 -2398 0 0 0 0 0 END
START 3212 -2668 12008 1065 593 -3229 0 0 0 0 0 END
START 3980 -2812 11628 2066 202 -4006 0 0 0 0 0 END
START 4368 -2552 11448 2701 -50 -4906 0 0 0 0 0 END
START 4448 -1300 11996 3043 345 -5505 0 0 0 0 0 END
START 4832 -192 12392 994 961 -6317 0 0 0 0 0 END
START 4604 296 13052 -1639 1328 -6710 0 0 0 0 0 END
START 4464 -268 14132 -2640 2255 -7126 0 0 0 0 0 END
START 4464 -176 14520 -3971 2323 -7827 0 0 0 0 0 END
START 3796 224 14760 -3552 2692 -8683 0 0 0 0 0 END
START 3816 600 15016 -3472 2113 -9203 0 0 0 0 0 END
START 3276 1140 15344 -2975 1934 -9438 0 0 0 0 0 END
START 2604 1192 15796 -3262 1671 -9444 0 0 0 0 0 END
START 2744 572 15652 -3506 866 -10201 0 0 0 0 0 END
START 3064 628 15420 -2193 229 -11257 0 0 0 0 0 END
START 4004 1304 14360 -2388 -1111 -12472 0 0 0 0 0 END
START 4616 1096 13024 -1778 -1597 -14020 0 0 0 0 0 END
START 5480 2044 12388 -1038 -1840 -14948 0 0 0 0 0 END
START 6752 3156 11300 -1516 -3184 -15451 0 0 0 0 0 END
START 8000 3344 10484 -1456 -3380 -15793 0 0 0 0 0 END
START 9872 3592 9880 -894 -2637 -16038 0 0 0 0 0 END
START 11072 5520 9848 70 -987 -16564 0 0 0 0 0 END
START 10824 7844 10804 -209 288 -17441 0 0 0 0 0 END
START 10288 10124 11316 -1940 898 -18348 0 0 0 0 0 END
START 10632 11624 12200 -3372 405 -17060 0 0 0 0 0 END
START 10368 12332 13052 -2984 -1092 -15545 0 0 0 0 0 END
START 10256 12888 13552 -978 -2627 -13244 0 0 0 0 0 END
START 10520 12392 13064 3968 -2805 -11768 0 0 0 0 0 END
START 10652 11572 11712 11612 -2753 -11490 0 0 0 0 0 END
START 9408 9996 9764 22755 -2758 -12144 0 0 0 0 0 END
START 7972 9912 6672 32767 -3434 -13087 0 0 0 0 0 END
START 6316 10820 3136 32767 -3642 -13228 0 0 0 0 0 END
START 6688 15412 1284 32767 -1193 -13104 0 0 0 0 0 END
START 6976 15444 -1368 32767 537 -11068 0 0 0 0 0 END
START 7616 13920 -3620 32767 8547 -9953 0 0 0 0 0 END
START 7772 11304 -4956 32767 10084 -8735 0 0 0 0 0 END
START 7548 10720 -8996 32767 6671 -8313 0 0 0 0 0 END
START -1844 11560 -11936 32767 14673 -13903 0 0 0 0 0 END
START 5588 11444 -9568 32767 14012 -4076 0 0 0 0 0 END
START 5148 12400 -12336 32767 19067 -1031 0 0 0 0 0 END
START 6500 12800 -11716 32767 11682 -838 0 0 0 0 0 END
START 7484 11828 -11352 32767 17886 -3017 0 0 0 0 0 END
START 6160 10468 -14544 32767 15200 -3224 0 0 0 0 0 END
START 6748 11572 -13172 32767 18223 -2657 0 0 0 0 0 END
START 5600 12804 -13212 32767 15372 -2635 0 0 0 0 0 END
START 4960 12796 -13120 30329 14746 -3929 0 0 0 0 0 END
START 4556 13496 -13448 25904 14103 -5540 0 0 0 0 0 END
START 5360 13784 -11336 22391 15682 -7957 0 0 0 0 0 END
START 3708 13692 -12820 22155 13516 -10184 0 0 0 0 0 END
START 3616 12556 -12728 22451 11960 -11189 0 0 0 0 0 END
START 3060 11184 -13520 25692 12751 -11596 0 0 0 0 0 END
START 2108 14216 -11696 29106 11918 -10512 0 0 0 0 0 END
START 628 17936 -13296 27688 11255 -11329 0 0 0 0 0 END
START -944 19000 -13484 23812 4919 -12632 0 0 0 0 0 END
START -256 17852 -12884 20577 7064 -13828 0 0 0 0 0 END
START -84 17492 -11828 18626 4699 -14088 0 0 0 0 0 END
START -192 17092 -11648 16780 6443 -14251 0 0 0 0 0 END
START -52 19044 -11548 16250 5938 -14532 0 0 0 0 0 END
START -104 19492 -10164 15487 8345 -14955 0 0 0 0 0 END
START -1012 18956 -11664 14811 5877 -14149 0 0 0 0 0 END
START -1312 18776 -11404 13385 6977 -13434 0 0 0 0 0 END
START -1720 18316 -11784 11925 6581 -11871 0 0 0 0 0 END
START -2044 18872 -12600 8719 2989 -11103 0 0 0 0 0 END
START -1336 19216 -12572 6261 1363 -10918 0 0 0 0 0 END
START 480 19660 -11072 4620 366 -10679 0 0 0 0 0 END
START 4 19336 -11900 2738 457 -10878 0 0 0 0 0 END
START 8 19184 -12456 2732 955 -9432 0 0 0 0 0 END
START -320 18972 -11096 1146 -508 -7645 0 0 0 0 0 END
START -1072 18676 -11028 2473 -244 -4900 0 0 0 0 0 END
START -1392 19232 -11768 2712 -2001 -3291 0 0 0 0 0 END
START -980 20044 -12384 2495 -2214 -1936 0 0 0 0 0 END
START -780 21320 -13088 -6 -772 -1813 0 0 0 0 0 END
START -32 22212 -13332 -4192 187 -1542 0 0 0 0 0 END
START 872 22572 -13924 -10153 576 -1146 0 0 0 0 0 END
START 1280 22200 -13588 -15709 -386 -219 0 0 0 0 0 END