START 3196 644 12152 -2079 2824 346 631 616 624 615 616 END
START 3148 500 12388 -2003 3343 196 630 617 624 615 616 END
START 2664 48 12920 -2708 3112 -203 630 617 624 615 616 END
START 1728 -728 13068 -3444 2592 -881 630 617 624 616 617 END
START 1304 -1260 13688 -4004 2390 -1677 630 617 624 615 616 END
START 1384 -2316 13884 -4167 2225 -3139 630 617 624 615 617 END
START 1240 -2548 14008 -2710 1477 -5176 630 617 624 616 617 END
START 544 -2400 14696 -919 1177 -6889 630 617 624 616 617 END
START 844 -1920 14052 110 1437 -8095 630 616 623 616 616 END
START 556 -556 13748 837 923 -8859 630 616 624 616 616 END
START 456 112 13448 895 536 -9514 630 616 624 616 617 END
START 564 732 12968 1165 69 -10366 630 617 624 616 617 END
START 500 1188 12740 1709 -164 -11224 630 616 623 616 617 END
START 344 1316 12012 2744 -651 -12233 631 617 623 616 617 END
START 540 2404 11772 2820 -1526 -13200 630 616 623 616 617 END
START 932 3120 11016 3234 -3079 -14052 630 617 624 616 617 END
START 408 4148 10324 3612 -2944 -14928 630 617 624 616 617 END
START 1148 4428 9616 4285 -2780 -15647 630 617 624 616 617 END
START 2844 4804 9924 6377 -2686 -16169 630 617 624 616 617 END
START 4140 6132 10824 7856 -2225 -16832 630 617 624 616 617 END
START 2848 7804 11348 6778 -2998 -17829 631 617 624 616 617 END
START 3064 8784 11764 3943 -2744 -18204 630 617 624 616 617 END
START 5016 9528 11948 1389 -4466 -17973 630 617 624 616 617 END
START 5496 11592 12348 417 -3282 -17330 630 617 624 616 617 END
START 5788 14328 12744 -2855 -2930 -16260 631 617 624 616 617 END
START 6696 16032 12652 -7390 -3133 -15202 631 617 624 615 617 END
START 6932 15776 13576 -8255 -2613 -13061 630 617 624 616 617 END
START 7004 16392 14396 -7120 -2232 -13334 631 617 624 616 617 END
START 7612 17648 14576 -4200 -1320 -12812 630 617 624 616 617 END
START 7004 20168 15568 -2087 -1531 -10218 631 617 624 616 617 END
START 6252 20744 16208 -1525 -2812 -6978 631 617 624 616 617 END
START 5852 19052 16384 566 -3723 -3939 630 617 624 616 617 END
START 6244 16796 15512 4627 -4609 -2738 630 617 624 617 617 END
START 6008 14768 14208 9232 -5365 -2467 631 617 624 617 617 END
START 5568 12176 11948 15387 -6572 -2643 631 617 624 616 617 END
START 4600 10412 9076 22989 -7830 -3106 631 617 624 616 617 END
START 4048 10240 5876 31325 -7102 -4498 631 617 624 616 617 END
START 3832 10928 3988 32767 -3949 -6146 631 617 624 616 617 END
START 4580 10980 2616 32767 7758 -6683 630 616 623 615 616 END
START 2936 12188 -864 32767 7160 -3579 0 0 0 0 0 END
START 2024 10860 -3784 32767 4896 -6472 0 0 0 0 0 END
START 612 9660 -5692 32767 9618 -994 626 613 620 611 613 END
START 3780 11364 -5732 32767 9832 1511 0 0 0 0 0 END
START 5752 11216 -7624 32767 12273 2376 0 0 0 0 0 END
START 5848 10460 -9392 32767 15517 4821 0 0 0 0 0 END
START 4876 10384 -10604 32767 11404 4420 0 0 0 0 0 END
START 6044 12448 -10760 32767 15272 4313 0 0 0 0 0 END
START 6292 12724 -9916 32767 16246 1582 0 0 0 0 0 END
START 5192 11244 -10324 32767 13042 475 0 0 0 0 0 END
START 6100 9832 -10500 32589 10893 931 0 0 0 0 0 END
START 5804 11020 -12236 32767 11537 -234 0 0 0 0 0 END
START 4360 10752 -12844 32767 5734 -1423 0 0 0 0 0 END
START 3040 11680 -10148 32767 10809 -4312 0 0 0 0 0 END
START 3624 11532 -12196 31363 8354 -6464 0 0 0 0 0 END
START 3828 13768 -12520 30472 6595 -8447 0 0 0 0 0 END
START 2056 12780 -14416 30201 5875 -9495 0 0 0 0 0 END
START 1080 12608 -13772 29221 7684 -10871 0 0 0 0 0 END
START 380 12400 -14884 28249 7435 -11329 0 0 0 0 0 END
START 340 13140 -14712 25913 7736 -11953 0 0 0 0 0 END
START 812 14148 -14516 24044 8444 -13260 0 0 0 0 0 END
START 124 15084 -13364 20700 7497 -14974 0 0 0 0 0 END
START -560 14132 -13668 18845 6323 -16072 0 0 0 0 0 END
START -2036 13512 -13368 17132 6726 -16686 0 0 0 0 0 END
START -2452 14260 -13732 16189 3547 -16444 0 0 0 0 0 END
START -2756 15396 -13036 13810 5681 -16637 0 0 0 0 0 END
START -2908 15264 -13320 12070 4191 -16491 0 0 0 0 0 END
START -2832 15272 -13632 9587 4055 -16497 0 0 0 0 0 END
START -1788 16460 -13488 9390 2375 -16428 0 0 0 0 0 END
START -1384 16652 -13500 8216 2004 -16110 0 0 0 0 0 END
START -1936 16620 -13712 7723 -67 -14373 0 0 0 0 0 END
START -2356 16916 -13404 6109 -120 -12836 0 0 0 0 0 END
START -1496 16988 -12936 3715 -579 -11442 0 0 0 0 0 END
START -1100 16796 -13052 1866 -882 -10054 0 0 0 0 0 END
START -696 16740 -12580 -216 -2118 -9243 0 0 0 0 0 END
START -1212 16356 -13052 -602 -809 -7863 0 0 0 0 0 END
START -1596 15772 -13276 -410 -390 -6409 0 0 0 0 0 END
START -1892 15404 -14020 991 -1923 -4506 0 0 0 0 0 END
START -1740 15828 -14700 1838 -1576 -2775 0 0 0 0 0 END
START -1276 16528 -14384 956 -521 -1347 0 0 0 0 0 END
START -892 17436 -15652 -875 236 -439 0 0 0 0 0 END
START -980 18464 -16104 -3932 1226 -406 0 0 0 0 0 END
START -308 18496 -16500 -7935 2990 -1066 0 0 0 0 0 END
START -740 18612 -16812 -12501 2694 -1371 0 0 0 0 0 END