START 4788 -3324 11308 -193 2933 -1342 0 0 0 0 0 END
START 4884 -3564 11312 230 2841 -1687 0 0 0 0 0 END
START 4504 -3204 11824 1351 2852 -2355 0 0 0 0 0 END
START 3972 -2200 12228 1458 3047 -3350 0 0 0 0 0 END
START 3628 -2332 12364 677 2649 -4417 0 0 0 0 0 END
START 3344 -3296 12376 1166 3092 -5787 0 0 0 0 0 END
START 4544 -3844 12228 2697 2996 -6898 0 0 0 0 0 END
START 4624 -2960 12516 4254 2401 -7290 0 0 0 0 0 END
START 4472 -1956 12832 3294 2186 -7670 0 0 0 0 0 END
START 4164 -1696 13148 1376 2372 -8296 0 0 0 0 0 END
START 2864 -1304 13396 -283 1919 -9418 0 0 0 0 0 END
START 2720 -728 13352 -1476 1941 -10450 0 0 0 0 0 END
START 2576 -512 12916 -2338 510 -11103 0 0 0 0 0 END
START 3904 -696 12064 -1646 -204 -11588 0 0 0 0 0 END
START 4428 -124 11252 -1317 -953 -12025 0 0 0 0 0 END
START 4596 796 11264 -972 -349 -11772 0 0 0 0 0 END
START 4276 1164 11048 -2539 179 -12232 0 0 0 0 0 END
START 4224 1040 11212 -3560 175 -13484 0 0 0 0 0 END
START 4272 1820 11508 -4052 355 -14844 0 0 0 0 0 END
START 6380 2320 11880 -5141 650 -16231 0 0 0 0 0 END
START 6844 2216 12376 -5254 870 -17152 0 0 0 0 0 END
START 7176 3148 12664 -4508 2023 -18008 0 0 0 0 0 END
START 7160 4364 13264 -4836 1404 -19043 0 0 0 0 0 END
START 8840 7692 13828 -4935 1523 -19768 0 0 0 0 0 END
START 9828 9488 14320 -6157 1098 -19880 0 0 0 0 0 END
START 10740 10544 14092 -5149 1304 -19625 0 0 0 0 0 END
START 12024 11080 14216 -1877 1876 -19546 0 0 0 0 0 END
START 12556 12636 13828 2546 708 -18927 0 0 0 0 0 END
START 12468 15532 13700 5581 -347 -16890 0 0 0 0 0 END
START 12828 18292 12888 6256 -589 -13849 0 0 0 0 0 END
START 13172 19064 11808 4193 -1576 -10783 0 0 0 0 0 END
START 13884 18124 10876 2986 -2175 -8199 0 0 0 0 0 END
START 14488 16340 10944 4006 -1021 -6593 0 0 0 0 0 END
START 12140 14372 10080 7271 -3073 -5575 0 0 0 0 0 END
START 12280 12872 9104 12114 -2049 -5386 0 0 0 0 0 END
START 10684 12076 8792 15977 -3007 -4546 0 0 0 0 0 END
START 9412 10404 6976 21209 -3338 -3551 0 0 0 0 0 END
START 8904 9144 5148 25491 -3028 -4200 0 0 0 0 0 END
START 7056 7880 3020 31016 -5178 -5846 0 0 0 0 0 END
START 7856 9792 1396 32767 -128 -8843 0 0 0 0 0 END
START 7120 7884 528 32767 10554 -10216 0 0 0 0 0 END
START 8576 6504 -1816 32767 16334 -13443 0 0 0 0 0 END
START 6580 6740 -4812 32767 16560 -13637 0 0 0 0 0 END
START 2352 9488 -5600 32767 23745 -6176 0 0 0 0 0 END
START 5148 14848 -6500 32767 19621 -2812 0 0 0 0 0 END
START 4644 16268 -7540 32767 17400 -1525 0 0 0 0 0 END
START 4460 14352 -7796 32767 10537 -3160 0 0 0 0 0 END
START 5828 10804 -7376 31813 13319 -3907 0 0 0 0 0 END
START 5428 7196 -7772 32767 18507 -4010 0 0 0 0 0 END
START 5000 9224 -10292 32767 17875 -3424 0 0 0 0 0 END
START 4684 13632 -8700 32767 19440 -5762 0 0 0 0 0 END
START 3712 13176 -12040 32767 17649 -6843 0 0 0 0 0 END
START 2484 11960 -11952 32767 14621 -7387 0 0 0 0 0 END
START 3208 14176 -11664 32767 12494 -5484 0 0 0 0 0 END
START 4116 15312 -12172 32767 15633 -6438 0 0 0 0 0 END
START 4152 14424 -12940 32767 12355 -6086 0 0 0 0 0 END
START 2968 14664 -13360 32479 12299 -7693 0 0 0 0 0 END
START 2460 18276 -13396 30464 9711 -10356 0 0 0 0 0 END
START 1452 18388 -14500 27366 5828 -13081 0 0 0 0 0 END
START 672 16696 -13100 26524 4818 -13557 0 0 0 0 0 END
START -1828 16476 -13376 28524 4487 -12526 0 0 0 0 0 END
START -1428 21428 -13200 26974 6053 -11880 0 0 0 0 0 END
START -864 22940 -12332 19895 7154 -11978 0 0 0 0 0 END
START -544 20072 -12300 16544 7294 -11068 0 0 0 0 0 END
START -716 17480 -10048 15444 9753 -10297 0 0 0 0 0 END
START -2196 16216 -11672 18412 7607 -8131 0 0 0 0 0 END
START -1696 19616 -11288 17046 4925 -8771 0 0 0 0 0 END
START -1048 20272 -11608 13806 1152 -9171 0 0 0 0 0 END
START -1200 18696 -11492 10693 818 -8528 0 0 0 0 0 END
START -1016 18448 -11900 9589 1934 -7098 0 0 0 0 0 END
START -652 18784 -12088 7391 328 -6545 0 0 0 0 0 END
START -664 19036 -12712 5414 995 -5759 0 0 0 0 0 END
START -100 19768 -13096 3721 -376 -4577 0 0 0 0 0 END
START 356 20144 -13508 1605 -2472 -3534 0 0 0 0 0 END
START 608 20952 -14132 -1662 -2267 -3369 0 0 0 0 0 END
START 772 20416 -14284 -5552 -1217 -3130 0 0 0 0 0 END
START 868 19768 -14044 -8708 -1613 -2549 0 0 0 0 0 END