START 5208 3508 10964 -1820 3104 -386 630 616 626 615 616 END
START 4884 3656 11148 -2000 2685 -285 630 616 626 615 616 END
START 5208 3508 11768 -1512 2248 43 630 616 626 615 616 END
START 5704 3096 11688 -1339 2030 -86 630 616 626 615 616 END
START 6008 3276 11896 -832 2035 -60 630 616 626 615 616 END
START 5904 3948 12588 -1319 1737 82 630 616 626 615 616 END
START 6524 3708 12784 -2102 1576 -217 630 616 626 615 616 END
START 6752 3028 12732 -1704 1448 -549 630 616 626 615 616 END
START 7068 2900 12812 -706 1364 -1046 630 616 626 615 616 END
START 6628 3548 13172 -152 1758 -1527 630 616 626 615 616 END
START 6508 4088 13624 -700 2151 -1731 630 616 626 615 616 END
START 6064 4176 13664 -1407 2281 -1925 630 616 626 615 616 END
START 5500 3524 13808 -1202 1745 -1761 630 616 626 615 616 END
START 4704 3124 14008 -414 2137 -2085 630 616 625 615 616 END
START 3856 3544 13904 -605 1815 -2364 631 616 626 616 616 END
START 2860 3060 14136 -1406 1486 -2634 630 616 626 616 616 END
START 2608 2128 14116 -1502 901 -3064 630 616 626 615 616 END
START 3044 1244 13864 -668 984 -4059 630 616 625 615 616 END
START 3044 1708 13540 344 212 -4751 630 616 626 616 616 END
START 2696 2040 13432 -239 465 -5389 631 616 625 615 616 END
START 2136 1888 12840 -1958 296 -5813 630 616 625 616 616 END
START 1140 1096 12948 -2686 524 -6454 630 616 626 616 616 END
START -96 96 12884 -2141 52 -7509 630 616 625 615 616 END
START 8 -848 12592 435 -594 -9065 630 616 625 616 616 END
START 288 -456 12740 3950 -888 -10685 630 616 625 616 616 END
START 736 1116 12852 5855 -1009 -11915 630 616 625 616 616 END
START 604 3224 13168 5362 -2159 -11911 630 617 626 616 616 END
START 816 4540 13668 2835 -2794 -11878 630 617 625 616 616 END
START 2028 5956 14076 -2936 -4112 -12824 631 616 626 616 616 END
START 3416 5296 14160 -6796 -3580 -13467 630 616 625 616 617 END
START 3912 4452 14040 -8400 -4362 -15073 630 616 625 616 616 END
START 4340 4944 14168 -7419 -2863 -17112 630 616 625 616 616 END
START 3672 5772 13336 -6150 -4275 -17257 630 616 625 616 616 END
START 4688 7140 12960 -4769 -2619 -17753 630 617 625 616 617 END
START 5008 9032 12928 -5452 -2844 -17884 630 616 625 616 616 END
START 5164 9228 12768 -5546 -2996 -18326 631 617 625 616 617 END
START 5696 10300 12344 -2818 -2389 -19256 630 617 625 616 617 END
START 5884 12464 12324 262 -1156 -19106 631 617 626 616 617 END
START 6284 14616 11912 1172 -337 -18512 630 616 625 616 617 END
START 6748 16012 11528 1374 294 -17208 630 617 626 616 616 END
START 6872 17184 12028 2256 568 -14963 630 617 626 616 617 END
START 6932 18224 12248 2527 315 -12480 630 617 626 616 617 END
START 6612 17916 12288 4015 -495 -9947 631 617 625 616 617 END
START 6312 17032 11776 7391 -1810 -8309 630 617 625 616 617 END
START 6220 16376 11096 12509 -2681 -6882 630 617 625 616 617 END
START 5440 16252 9300 17917 -3461 -5818 631 617 626 616 617 END
START 4912 18016 7440 19653 -4226 -3992 630 617 625 616 617 END
START 4640 16376 4548 21921 -4959 -2020 630 617 626 616 617 END
START 5104 12664 3972 28620 -2220 -2671 631 617 625 616 617 END
START 6060 10896 1260 32767 5821 -3210 0 0 0 0 0 END
START 5576 11124 444 32767 12847 -2619 0 0 0 0 0 END
START 5556 12380 -1156 32767 11421 -5785 0 0 0 0 0 END
START -3144 15884 -5232 32767 15909 -5088 0 0 0 0 0 END
START 3364 13764 -5808 32767 10522 4951 0 0 0 0 0 END
START 6832 12876 -6520 32767 9356 6386 0 0 0 0 0 END
START 5700 11936 -7632 32767 17731 7158 0 0 0 0 0 END
START 7296 10732 -9132 32767 5712 7884 0 0 0 0 0 END
START 5028 10220 -11756 32767 18320 5036 0 0 0 0 0 END
START 4020 11716 -10600 32767 16851 7770 0 0 0 0 0 END
START 5856 15956 -12448 32767 12531 7389 0 0 0 0 0 END
START 7548 16744 -10052 32767 8683 4316 0 0 0 0 0 END
START 9380 13164 -10016 28626 18514 4678 0 0 0 0 0 END
START 6040 10940 -10552 28534 10871 -618 0 0 0 0 0 END
START 4160 9016 -12844 31605 11446 -1021 0 0 0 0 0 END
START 3320 9812 -13000 32767 8021 -1568 0 0 0 0 0 END
START 3504 12232 -12932 32767 6833 -3306 0 0 0 0 0 END
START 4220 13376 -13060 32310 7214 -5869 0 0 0 0 0 END
START 4552 11848 -14464 30323 4921 -7649 0 0 0 0 0 END
START 3552 11324 -14428 29767 5957 -8654 0 0 0 0 0 END
START 2132 12872 -14428 27981 3048 -10453 0 0 0 0 0 END
START 1692 14148 -13892 24472 3346 -13232 0 0 0 0 0 END
START 1388 13464 -13288 22330 3327 -14500 0 0 0 0 0 END
START 792 13348 -13044 20714 2944 -14489 0 0 0 0 0 END
START -624 14260 -13820 18505 2313 -13788 0 0 0 0 0 END
START -4 15336 -13968 14864 2091 -13769 0 0 0 0 0 END
START 1256 16124 -13484 11113 2490 -14451 0 0 0 0 0 END
START 2352 15508 -13568 10044 3216 -14345 0 0 0 0 0 END
START 1616 15376 -13936 10514 2429 -13771 0 0 0 0 0 END
START 1148 15920 -13020 9906 957 -13290 0 0 0 0 0 END
START -384 16948 -14604 8160 -1847 -12302 0 0 0 0 0 END
START -48 17736 -13928 4840 -230 -11122 0 0 0 0 0 END
START 1544 17616 -13416 1411 -247 -10102 0 0 0 0 0 END
START 1644 17088 -13480 -576 -1228 -8843 0 0 0 0 0 END
START 1684 17236 -13892 -2119 -733 -8229 0 0 0 0 0 END
START 1356 17084 -14580 -2223 -839 -7736 0 0 0 0 0 END
START 1532 17760 -15716 -1319 -1555 -7123 0 0 0 0 0 END
START 1660 19008 -16632 -1648 -2222 -6771 0 0 0 0 0 END
START 1056 20768 -16700 -4338 -1137 -6074 0 0 0 0 0 END
START 1092 21296 -17092 -8840 902 -4402 0 0 0 0 0 END
START 2224 21792 -16828 -13561 990 -2529 0 0 0 0 0 END