START 6548 -1452 12056 144 2125 -1769 630 614 623 615 614 END
START 5492 -1784 12548 488 1686 -1923 630 614 624 615 614 END
START 5420 -2024 12824 -213 2230 -3033 631 614 623 615 614 END
START 4940 -2316 13296 -578 1472 -3327 630 614 623 615 614 END
START 4292 -2756 13532 -633 1314 -3967 630 614 624 616 614 END
START 4508 -3048 13344 -199 890 -5060 630 614 624 616 614 END
START 4048 -3124 13360 429 1012 -5934 630 614 624 616 614 END
START 3976 -2588 13464 0 1323 -6410 630 614 623 615 614 END
START 3460 -2448 13740 -1452 1321 -7526 630 614 624 616 614 END
START 3280 -2640 13528 -2717 1220 -9283 631 614 623 616 614 END
START 3204 -2492 13664 -2645 1059 -10950 631 614 623 616 615 END
START 2776 -1960 13772 -2235 593 -12003 631 614 623 616 615 END
START 3172 -1572 12728 -1277 716 -12723 631 614 623 615 614 END
START 2948 -88 12496 77 -33 -13144 631 615 623 616 614 END
START 3168 832 12120 -205 -551 -13444 630 614 623 616 615 END
START 3984 1372 11372 -950 18 -14219 631 614 624 616 614 END
START 3752 1548 11000 -967 533 -15198 631 614 623 616 614 END
START 3304 2524 10940 -1442 460 -15514 631 615 623 616 615 END
START 3904 2868 10920 -2128 19 -15521 631 614 623 616 614 END
START 5212 3004 10860 -2425 391 -15939 631 614 624 616 614 END
START 6332 3424 10836 -2493 529 -17065 631 614 624 616 615 END
START 7128 5268 11280 -2639 1813 -18005 631 614 624 616 614 END
START 7740 8492 12492 -4471 3417 -18650 631 614 624 616 614 END
START 7312 10020 13816 -8239 4056 -18354 630 614 624 616 614 END
START 8460 9240 14704 -10105 3602 -17636 631 614 623 616 614 END
START 9052 10476 15776 -6627 3524 -16688 631 615 624 616 615 END
START 9340 12248 17028 -2219 4103 -15180 631 615 624 616 614 END
START 8548 13812 17744 116 3113 -13505 631 615 624 616 614 END
START 9000 14396 17888 3344 3107 -12326 631 615 624 616 614 END
START 8492 14580 17668 5754 1123 -11353 631 615 624 616 614 END
START 8164 14672 16832 7290 -1061 -9532 631 614 624 616 615 END
START 8356 13916 15244 8511 -3360 -7863 631 614 623 616 614 END
START 7760 12088 13156 12104 -4412 -6919 631 615 624 616 615 END
START 6980 10200 10492 19050 -5441 -7228 631 615 624 616 615 END
START 6296 8756 8000 30634 -5700 -8285 631 615 624 616 615 END
START 5680 10240 5460 32767 -5750 -10682 631 615 624 616 615 END
START 6272 10128 3856 32767 480 -10267 631 616 623 615 615 END
START 4208 9936 536 32767 12290 -11229 629 614 622 614 614 END
START 5888 9372 -2560 32767 12951 -12749 0 0 0 0 0 END
START 3424 9220 -6768 32767 10934 -2204 0 0 0 0 0 END
START 6936 12048 -8024 32767 15196 -3776 0 0 0 0 0 END
START 5956 13492 -8824 32767 18517 3230 0 0 0 0 0 END
START 4648 13588 -10808 32767 2106 5376 0 0 0 0 0 END
START 7428 11952 -10604 32767 19618 1097 0 0 0 0 0 END
START 6976 11720 -11824 32767 13478 1998 0 0 0 0 0 END
START 7712 12928 -12568 32767 14454 2415 0 0 0 0 0 END
START 8372 13484 -13180 32767 12953 2047 0 0 0 0 0 END
START 7096 15056 -13528 32767 14904 1493 0 0 0 0 0 END
START 6400 14864 -13692 32767 10958 -132 0 0 0 0 0 END
START 6644 15484 -14108 31803 10413 -1311 0 0 0 0 0 END
START 5940 14088 -12980 28974 9725 -2711 0 0 0 0 0 END
START 5684 13504 -13344 29035 11075 -3880 0 0 0 0 0 END
START 4856 14328 -13520 29272 9882 -5944 0 0 0 0 0 END
START 3128 15984 -13492 28673 13282 -7878 0 0 0 0 0 END
START 2396 15708 -12996 26751 11035 -9738 0 0 0 0 0 END
START 1472 15048 -12668 26182 11138 -10329 0 0 0 0 0 END
START 444 14124 -12820 25934 9369 -10460 0 0 0 0 0 END
START -324 13684 -12500 24211 11178 -11310 0 0 0 0 0 END
START 688 14900 -11632 22434 8818 -12344 0 0 0 0 0 END
START 512 15652 -11836 18952 10205 -14243 0 0 0 0 0 END
START 480 15344 -11604 16908 8087 -15468 0 0 0 0 0 END
START -36 14260 -11248 16284 8812 -15314 0 0 0 0 0 END
START -1532 14876 -12136 16085 7857 -14168 0 0 0 0 0 END
START -2100 17036 -12068 13931 5668 -13502 0 0 0 0 0 END
START -996 17504 -11948 13550 7386 -13217 0 0 0 0 0 END
START 32 17588 -12264 12387 4162 -13046 0 0 0 0 0 END
START 32 18056 -12696 11253 1321 -12451 0 0 0 0 0 END
START -288 17900 -12872 8664 1603 -12042 0 0 0 0 0 END
START -176 18244 -12016 6447 637 -10844 0 0 0 0 0 END
START -144 19036 -11600 3848 -647 -9369 0 0 0 0 0 END
START -28 18872 -10896 1744 -608 -8102 0 0 0 0 0 END
START 688 17684 -10312 1300 3407 -6434 0 0 0 0 0 END
START -560 17512 -11372 1811 -3941 -4760 0 0 0 0 0 END
START -1200 17504 -12988 2201 -753 -3811 0 0 0 0 0 END
START 84 17084 -13196 2078 -713 -2874 0 0 0 0 0 END
START 800 17904 -13952 1346 -1214 -1902 0 0 0 0 0 END
START 1188 18868 -14128 -1574 -223 -1835 0 0 0 0 0 END
START 904 19680 -14844 -5891 717 -2508 0 0 0 0 0 END
START 1004 20764 -14900 -10635 1653 -3496 0 0 0 0 0 END
START 984 21140 -14948 -16032 1293 -3049 0 0 0 0 0 END