START 3780 -3960 13236 -590 2438 -3080 0 0 0 0 0 END
START 3680 -3824 13488 -806 2524 -3373 0 0 0 0 0 END
START 3480 -3576 13848 -1152 703 -4052 0 0 0 0 0 END
START 3940 -3444 14068 -746 -411 -4807 0 0 0 0 0 END
START 4396 -2828 13840 -101 -997 -4914 0 0 0 0 0 END
START 4664 -2640 13824 -803 -1899 -5348 0 0 0 0 0 END
START 4380 -2020 13872 -2245 -2360 -5704 0 0 0 0 0 END
START 3440 -2560 13340 -4302 -2376 -6467 0 0 0 0 0 END
START 4660 -3796 12876 -4443 -1733 -8059 0 0 0 0 0 END
START 5476 -3888 12576 -3464 -3058 -9240 0 0 0 0 0 END
START 6820 -3964 11720 -1904 -3658 -10352 0 0 0 0 0 END
START 6932 -2912 11096 -667 -3240 -11112 0 0 0 0 0 END
START 6372 -1544 11052 -952 -2167 -11651 0 0 0 0 0 END
START 5436 -880 11420 -2598 -2133 -12391 0 0 0 0 0 END
START 5060 -484 11352 -5215 -2763 -13729 0 0 0 0 0 END
START 7924 -420 10552 -7171 -3389 -15783 0 0 0 0 0 END
START 8864 -20 9960 -6719 -3442 -17321 0 0 0 0 0 END
START 9680 776 9376 -5169 -2356 -19026 0 0 0 0 0 END
START 8712 3056 9076 -4208 -678 -19876 0 0 0 0 0 END
START 8724 4412 9076 -5879 -1853 -19606 0 0 0 0 0 END
START 8044 6364 9736 -6544 -2381 -19137 0 0 0 0 0 END
START 10916 7532 10092 -7532 -1479 -19201 0 0 0 0 0 END
START 12512 8420 9384 -7074 -1543 -18728 0 0 0 0 0 END
START 13064 9812 10080 -6494 -1041 -18378 0 0 0 0 0 END
START 13140 10800 11112 -3629 -160 -17433 0 0 0 0 0 END
START 12248 11496 11936 -2426 115 -16737 0 0 0 0 0 END
START 12284 14316 12612 -3224 -1444 -15834 0 0 0 0 0 END
START 13476 13736 11928 -3484 -1941 -14517 0 0 0 0 0 END
START 13848 14044 11188 -1614 -2734 -13121 0 0 0 0 0 END
START 13860 13424 11304 2747 -4987 -11316 0 0 0 0 0 END
START 15188 12124 9560 8381 -3895 -9774 0 0 0 0 0 END
START 15380 12752 9036 13648 -4475 -8671 0 0 0 0 0 END
START 14476 13260 7976 16901 -4055 -8242 0 0 0 0 0 END
START 13924 13968 6820 18424 -5192 -7088 0 0 0 0 0 END
START 13692 13124 5624 20384 -5805 -5899 0 0 0 0 0 END
START 12264 11556 4140 23323 -6725 -5532 0 0 0 0 0 END
START 11780 10164 1844 28780 -8316 -5486 0 0 0 0 0 END
START 10544 8752 -640 32767 -7363 -6867 0 0 0 0 0 END
START 10072 6740 -880 32767 -1302 -11173 0 0 0 0 0 END
START 10276 6920 -2568 32767 14054 -12283 0 0 0 0 0 END
START 8680 6472 -6912 32767 23930 -20653 0 0 0 0 0 END
START 7016 10792 -10576 32767 21158 -10341 0 0 0 0 0 END
START 10012 11556 -9260 32767 11749 -5170 0 0 0 0 0 END
START 8272 9752 -9052 32767 12687 -4722 0 0 0 0 0 END
START 6820 7020 -8320 32767 15383 -5911 0 0 0 0 0 END
START 6156 4416 -10064 32767 22964 -8548 0 0 0 0 0 END
START 1480 6496 -13148 32767 16186 -8209 0 0 0 0 0 END
START 7652 10940 -9216 32767 18336 -5442 0 0 0 0 0 END
START 6824 12932 -11000 32767 17195 -6345 0 0 0 0 0 END
START 6820 9884 -10972 32767 11826 -7821 0 0 0 0 0 END
START 6224 7436 -10596 32767 14711 -8180 0 0 0 0 0 END
START 3248 6076 -14324 32767 16396 -8132 0 0 0 0 0 END
START 4656 11100 -15252 32767 11596 -10589 0 0 0 0 0 END
START 5304 14872 -12824 31930 10142 -13664 0 0 0 0 0 END
START 6152 11788 -14912 26131 5183 -15042 0 0 0 0 0 END
START 6580 12696 -13144 25052 10240 -15999 0 0 0 0 0 END
START 4708 15108 -14432 25676 5603 -16760 0 0 0 0 0 END
START 3732 15928 -14924 25582 10210 -18141 0 0 0 0 0 END
START 3212 15500 -13936 23472 7407 -18670 0 0 0 0 0 END
START 1136 16432 -16240 23368 2150 -17734 0 0 0 0 0 END
START 2244 18552 -14464 20841 2206 -18334 0 0 0 0 0 END
START 2168 18760 -14520 18252 -1476 -18234 0 0 0 0 0 END
START 2732 18440 -13432 17115 -1973 -17641 0 0 0 0 0 END
START 1164 18368 -14256 15353 3177 -16777 0 0 0 0 0 END
START 1200 19420 -13600 15147 4915 -15295 0 0 0 0 0 END
START 1132 19676 -13012 14217 6997 -14003 0 0 0 0 0 END
START 984 20304 -12380 12148 7871 -12259 0 0 0 0 0 END
START 860 19532 -11604 8818 6708 -10896 0 0 0 0 0 END
START 412 18260 -11728 7133 2972 -8682 0 0 0 0 0 END
START 3624 18024 -11148 5113 10538 -7527 0 0 0 0 0 END
START 1380 18776 -11908 4772 2087 -6456 0 0 0 0 0 END
START 3096 19000 -11984 5108 3757 -5754 0 0 0 0 0 END
START 2300 19112 -12288 3335 2741 -5046 0 0 0 0 0 END
START 1576 18252 -12108 698 677 -3863 0 0 0 0 0 END
START 1040 17836 -12600 -1488 -880 -2747 0 0 0 0 0 END
START 1496 18192 -13092 -3624 -1840 -1449 0 0 0 0 0 END
START 2232 19324 -13280 -7153 -2126 -760 0 0 0 0 0 END
START 2876 20596 -13648 -12485 -2001 -549 0 0 0 0 0 END
START 2988 20252 -13092 -19225 -2403 -1279 0 0 0 0 0 END