START 11012 -2292 9756 -5371 4834 -1023 0 0 0 0 0 END
START 10512 -2364 9308 -5515 3829 -1027 0 0 0 0 0 END
START 10112 -2148 9776 -4916 4913 -1226 0 0 0 0 0 END
START 8804 -2304 10856 -6485 3961 -1484 0 0 0 0 0 END
START 8276 -3128 11732 -5731 3961 -1479 0 0 0 0 0 END
START 7176 -3676 12284 -6053 3014 -2344 0 0 0 0 0 END
START 6592 -4456 12504 -4857 3562 -3142 0 0 0 0 0 END
START 5604 -4760 13500 -2882 2860 -3355 0 0 0 0 0 END
START 5684 -4548 14816 -3862 2484 -4796 0 0 0 0 0 END
START 5932 -5872 13940 -2432 710 -5101 0 0 0 0 0 END
START 4784 -5284 14560 -1598 1169 -5850 0 0 0 0 0 END
START 4796 -5692 13284 -1961 832 -6456 0 0 0 0 0 END
START 3128 -4700 14220 -1600 208 -7367 0 0 0 0 0 END
START 3448 -4852 14428 -2706 -1601 -8757 0 0 0 0 0 END
START 4648 -5460 13532 -2889 -3392 -10309 0 0 0 0 0 END
START 5140 -5928 13668 -1763 -6256 -12163 0 0 0 0 0 END
START 6960 -6064 12092 1163 -7689 -14171 0 0 0 0 0 END
START 7656 -4760 10776 2432 -9093 -16510 0 0 0 0 0 END
START 8004 -3100 8912 3379 -9720 -18745 0 0 0 0 0 END
START 9200 -272 7556 3665 -10131 -20071 0 0 0 0 0 END
START 11012 2692 5272 1676 -11082 -20363 0 0 0 0 0 END
START 13300 5284 3068 -2090 -11422 -20437 0 0 0 0 0 END
START 13936 6272 2464 -4382 -9993 -19615 0 0 0 0 0 END
START 15020 7220 1656 -3645 -8374 -19397 0 0 0 0 0 END
START 15840 8108 1248 -3079 -8282 -19586 0 0 0 0 0 END
START 16860 8728 1440 -288 -7013 -19660 0 0 0 0 0 END
START 17412 8752 452 4202 -5558 -19810 0 0 0 0 0 END
START 16292 8456 896 11076 -6006 -20419 0 0 0 0 0 END
START 17904 8496 1304 22063 -5027 -20104 0 0 0 0 0 END
START 14272 11328 -712 28747 -9456 -19094 0 0 0 0 0 END
START 14704 15108 -2516 30726 -9932 -17469 0 0 0 0 0 END
START 16440 15352 -4380 28055 -272 -17463 0 0 0 0 0 END
START 15412 11828 -9204 31061 11624 -22088 0 0 0 0 0 END
START 13560 6088 -11404 32767 13854 -28548 0 0 0 0 0 END
START 11528 7096 -12956 32767 19796 -10861 0 0 0 0 0 END
START 14496 11460 -10156 32767 12328 -8425 0 0 0 0 0 END
START 13092 13656 -9860 32767 13025 -5991 0 0 0 0 0 END
START 11980 11064 -9152 32767 9606 -7885 0 0 0 0 0 END
START 9028 7348 -8704 32767 7508 -9024 0 0 0 0 0 END
START 8068 3292 -10468 32767 13476 -10295 0 0 0 0 0 END
START 6708 3760 -12008 32767 15424 -7981 0 0 0 0 0 END
START 8532 6416 -12312 32767 15479 -4249 0 0 0 0 0 END
START 9680 7300 -13920 32767 11411 -7028 0 0 0 0 0 END
START 9956 6120 -15260 32767 11171 -9662 0 0 0 0 0 END
START 10000 5592 -12952 32767 12836 -11609 0 0 0 0 0 END
START 8104 6876 -13788 32767 10679 -13363 0 0 0 0 0 END
START 7376 9372 -14968 30647 8379 -17175 0 0 0 0 0 END
START 6464 8544 -14720 26731 8995 -19470 0 0 0 0 0 END
START 6052 8496 -14584 26131 9978 -20297 0 0 0 0 0 END
START 5648 8372 -14896 26861 9734 -20519 0 0 0 0 0 END
START 6116 10804 -14380 29554 10429 -20930 0 0 0 0 0 END
START 5464 13760 -14636 29972 10087 -22978 0 0 0 0 0 END
START 3152 14096 -18432 28212 3358 -22272 0 0 0 0 0 END
START 2576 16616 -14388 28226 8567 -23504 0 0 0 0 0 END
START 3256 19996 -15884 24690 4455 -24380 0 0 0 0 0 END
START 4052 20660 -14272 22385 5831 -24137 0 0 0 0 0 END
START 904 18888 -12572 23112 4104 -21770 0 0 0 0 0 END
START 872 19556 -13580 22084 4815 -18715 0 0 0 0 0 END
START 1196 22080 -14208 22404 5400 -16580 0 0 0 0 0 END
START 2116 23612 -13216 17636 5805 -15797 0 0 0 0 0 END
START 3148 22956 -11548 15555 6582 -13389 0 0 0 0 0 END
START 2332 21376 -11708 14547 7604 -10776 0 0 0 0 0 END
START 2428 21680 -12120 12033 11009 -8689 0 0 0 0 0 END
START 2784 21152 -11188 8735 5810 -6779 0 0 0 0 0 END
START 2608 20784 -11636 5461 3324 -5671 0 0 0 0 0 END
START 2476 19672 -10712 5663 2622 -3967 0 0 0 0 0 END
START 1868 19016 -10448 5132 883 -2586 0 0 0 0 0 END
START 2184 18064 -11112 4947 -628 -974 0 0 0 0 0 END
START 1904 16628 -12592 3479 -2454 664 0 0 0 0 0 END
START 2496 16108 -12756 753 -812 1220 0 0 0 0 0 END
START 2552 15200 -14648 -438 -1736 1564 0 0 0 0 0 END
START 3972 14852 -14188 -2176 -2143 565 0 0 0 0 0 END
START 4148 14964 -14348 -3373 -1283 -29 0 0 0 0 0 END
START 4068 15588 -14236 -6402 -1486 -803 0 0 0 0 0 END
START 3944 16348 -13228 -11447 -1217 -1031 0 0 0 0 0 END