START -2072 14756 1340 677 -3655 -3274 451 439 328 363 438 END
START -1496 14888 896 -523 -3596 -3040 451 439 328 363 439 END
START -1076 14280 964 -3064 -4791 -2908 450 437 327 360 438 END
START -756 12456 -356 -4272 -4626 -2779 449 436 327 361 436 END
START -1704 11652 -452 -1865 -2774 -3136 448 437 326 361 436 END
START -804 12508 332 1260 -1050 -3822 450 436 326 360 436 END
START -1088 13448 92 1386 12 -4909 447 436 327 360 436 END
START -296 14048 344 653 314 -5332 449 436 327 361 436 END
START -168 13656 780 534 273 -5400 447 439 326 360 436 END
START -1472 14160 1112 323 -1109 -5730 449 437 328 359 437 END
START -940 14588 1236 603 -2199 -4009 448 437 328 359 437 END
START -1232 15476 1308 -255 -3224 -3112 449 437 328 361 437 END
START -872 15064 1116 -1488 -4201 -2350 449 437 329 360 437 END
START -668 14180 624 -1358 -2896 -2371 447 436 329 360 437 END
START -920 14396 -40 220 -1382 -1950 450 438 330 361 437 END
START -440 14720 -284 813 -732 -2461 451 437 329 361 438 END
START -904 15632 -516 1383 -105 -2427 450 438 329 361 438 END
START -584 15844 -552 1498 875 -1686 451 438 330 361 438 END
START -604 16456 -728 960 216 -1158 451 439 330 361 438 END
START -404 16260 -1084 342 256 -932 450 437 329 360 442 END
START -436 16800 -808 346 403 -482 451 439 331 361 439 END
START -528 17224 -1320 60 412 4 451 439 330 361 439 END
START -1148 17136 -632 -57 97 563 452 439 331 362 439 END
START -612 17616 -628 -202 486 1264 450 440 331 362 439 END
START -280 17600 -840 -1175 444 1439 452 440 331 362 440 END
START -720 17456 -384 -1633 339 2151 452 439 332 363 440 END
START -920 16928 -36 -2090 354 2737 452 439 332 364 440 END
START -876 16804 408 -2278 1021 3197 453 440 332 363 440 END
START -296 16720 260 -2981 680 3454 454 439 332 364 441 END