START -2828 17088 -824 6908 -1264 -10854 452 447 332 359 446 END
START -2140 17340 -1420 6444 -980 -10809 451 446 332 360 446 END
START -2316 16220 -2944 5305 -925 -10076 451 445 332 358 446 END
START -2660 15628 -3580 6716 -684 -7567 451 446 332 358 446 END
START -2672 15896 -3092 8387 -690 -5566 452 447 331 358 446 END
START -2184 15980 -3608 8118 694 -5129 452 446 333 358 446 END
START -2900 16132 -2884 4868 522 -5612 452 446 334 359 446 END
START -2884 15228 -2884 2836 833 -5539 451 446 331 361 446 END
START -1188 14756 -4120 2144 209 -4609 451 446 335 359 445 END
START -620 15264 -4896 1984 -484 -3431 452 445 335 359 445 END
START -2608 15456 -3240 -253 -1688 -2786 453 446 335 358 446 END
START -2048 14708 -3168 -2674 -1296 -2291 452 446 336 359 446 END
START -1848 14008 -3144 -2950 -367 -2474 453 446 336 359 447 END
START -1492 14328 -2780 -2764 -1025 -2311 453 446 336 359 446 END
START -1712 14640 -2604 -2258 -1107 -1658 453 446 340 361 446 END
START -1796 14888 -2156 -1518 227 -1083 452 447 339 359 446 END
START -1396 15244 -2016 -1183 496 -1429 453 446 339 359 446 END
START -1384 15664 -2836 -534 -357 -879 453 447 340 360 446 END
START -1052 15824 -2812 -300 358 -760 453 446 339 360 447 END
START -696 16092 -3004 240 -130 -313 454 447 340 359 447 END
START -1220 16180 -2636 -98 -91 -576 452 447 340 363 448 END
START -1376 16492 -2400 -730 399 -875 454 447 340 360 447 END
START -1272 16976 -2440 -1189 455 -799 455 446 342 359 449 END
START -1468 17440 -2568 -1683 436 -86 454 447 341 361 446 END
START -1416 17736 -2188 -2420 858 295 455 447 341 361 446 END
START -2044 17928 -1932 -3238 -37 1057 455 447 341 361 448 END
START -2532 17948 -1444 -3854 598 2158 456 447 342 362 447 END
START -2616 18172 -1492 -4310 1411 3335 455 448 342 361 447 END
START -2520 18276 -1600 -5038 1505 4543 455 447 343 361 448 END
START -2648 17692 -988 -5538 1595 5990 456 448 341 361 449 END
START -2380 16996 -784 -5477 1610 6907 456 448 342 361 448 END
START -1420 16092 -1552 -4175 231 7697 458 448 341 359 451 END
START -592 15636 -2848 -3963 1071 7967 457 449 340 360 449 END
START 160 15588 -1496 -1924 920 9020 458 450 339 360 450 END